dog
1598
0
3814.45
1897.45
6753.3
1762.95
1139.2
4131.7
-1837
-1230.35
2778.8
-5604.25
-6411.35
-1215.45
-5503.15
-2640.45
-129.25
-3842.95
144.65
4971.95
569.549999999999
5853
4192.3
2445.15
5670.15
2675.8
145.35
3509.15
-1155.5
-3644.5
-1822.05
-6023.6
-3334.45
-2390.85
-2117.6
-1129
1544.75
-2079.8
1333.65
-155.7
-1788.75
2251.25
-1507.95
-1712.6
-476.25
-2859.5
-3665.6
-1519.75
-2900.65
7369.6
7400.9
4837.35
10675.15
573.75
3680.2
764.450000000001
-3206.4
-2955.45
1581.3
-12510
-8816.55
-1942.75
-5905.45
4658.25
757.4
-1485.3
3267.5
6500.35
3920.25
9983.95
2892.95
878.85
1003.45
-5256
-2377
-1134.95
-3442.65
-692.05
1722.35
-3139.6
-187.85
-1684.35
-1208.3
3614.65
2452.45
51.6500000000001
982.7
-3549.5
-1060.45
519.35
-4354.25
-3057
-3935.1
-4855.1
-1764.25
-484.150000000001
-1646.6
2077.95
2859.8
6385.4
11481.35
7326.8
6379.35
2739.2
-4454.05
-1003.25
-6591
-4091.55
-4469.8
-3850.8
-9038.3
679.25
1419.6
3751.5
8727.85
-617.7
4292.85
824.8
2003.85
2011.55
617.450000000001
-4162.35
-2337.45
-2420.65
-1086.5
4266.75
-20.5999999999999
1582.9
887.05
-968.15
-1359.75
-1200.85
-1029.1
1528.55
1465.8
142.1
-1258.25
-2856.6
-3842.35
-2660.05
-3959.2
-3303.3
-1900.65
-2731
-1019.85
-2148.2
588.450000000001
6526.15
11202.95
11132.15
8324.6
3762.1
-5868.7
-2016.85
-7864.8
-3746.05
-3231
-5203.2
-7697.8
-3748.4
5106.8
5926.3
9891.8
1931.3
329.400000000001
-2423.8
1830.35
3989.1
-458.299999999999
-367.349999999999
-5796.55
-3996.25
883.5
5861.4
2521.65
3477.05
1112.45
-2505.25
-652.4
-3716.35
-1559.95
-1204.65
568.6
-269.4
-767.8
-2685.45
-3623.1
-2713.05
-2507.9
-1175.6
-2009.6
-2031.8
-1799.6
-1159.4
1032.45
7658.8
10314.85
10114.75
7745.1
2408.25
-6177
-4560.85
-7403.6
-6127.15
-809.1
-3561.55
-8616.1
-2279.05
4985.4
7040.75
12732.2
3621.15
-3252.8
-3959.4
-1754.7
931.15
3700.15
218.5
-5264.15
-3275.7
-310.9
5380.4
9209.7
4085.65
581.700000000001
-3133.2
-6554.4
-4784.95
-3284.25
-1593.05
785.8
2881.05
570.4
2825.45
-1707.35
-2332.95
-1830.3
-4128.65
-3784.6
-3313.5
-4844.35
-3424.85
931
3451.95
9450.05
14425.1
7718.5
8077
-1045.55
-7784.2
-5884.05
-8466.6
-1965.85
-3910
-3296.65
-9816.3
3398.4
5136.1
10596.75
12704.7
-2033.6
-2626.35
-7490.85
-674.55
1741.35
4934.8
-1032.45
-4088.2
-3102.35
-535.35
11369.85
7192.35
5150.2
-3812.95
-10141.2
-8042.85
-4072.35
1574.3
2473.95
4928.65
-1841.85
3103.4
1063.75
-546.65
-941.85
-6491.95
-7119.8
-7717.55
-3790.95
-2831.15
793.799999999999
-563.600000000002
6216.25
11932.85
14146.15
13071.6
5818.85
-5867.55
-9675.6
-11855.6
-9061.55
-1617.65
-1539.95
-4867.5
-5586.9
3513.45
8353.8
18030.8
10126.75
-471.450000000001
-7215.45
-11007.85
-4155.4
2536.6
6330.55
816.3
-4819.7
-5716.95
2460.65
9984.45
11878.6
6294.15
-5147.3
-13233.2
-10883.5
-5556
4369.55
6973.35
5476.85
300.150000000001
-2990.1
-1584.95
-1241.4
-1392.45
-6318.9
-9187.3
-8354.6
-3502.35
1584.25
4115.85
4483.7
8911.65
12636.45
13083.55
11420.95
1146.65
-9950.2
-15628.75
-17665.4
-6499.3
774.700000000001
5425.85
-2854.9
-840.550000000001
4273.15
9815.85
20462.2
8152.15
-1879.45
-15792.35
-17414.65
-7657.45
6500.15
11866.55
7354.9
-2467.2
-9027.45
1174.7
9094.4
16668.85
8819.15
-4092.7
-21286.15
-17850.05
-9291.65
5360.75
16173.2
9300
1739.65
-9316.9
-5813.4
-3230.05
4467.15
-1998.3
-7183.15
-11298.6
-8566.45
442.099999999999
8082.7
13903.5
12921.65
13716.65
4638.65
6777.65
-6926.15
-9586.8
-16082.2
-17487.5
-4503.3
-413.700000000001
7790.95
1959.75
8219.5
3307.45
11560.7
13459.9
2433.15
-2797.15
-18299
-16879.75
-8868.1
5532.6
14144.65
13328.6
2016.35
-5186
-2391
2561.4
14835.35
5465.2
-2565.65
-19353
-21306.05
-9591.6
5669.05
19602.25
16988.4
8435.2
-11780.2
-11854.4
-12234.85
-847.300000000001
1930.05
-3169.3
-7975.15
-10071.75
-3233.95
8709.3
18630.05
21033.1
14336.05
902.350000000002
132.550000000003
-15780.9
-12702.35
-12471.6
-11789.9
-2163.95
-657.800000000003
6269.1
5708.9
12316
9747.1
11998.7
6407.85
-5654
-9253
-19925.2
-13244.15
-4101.8
6579.65
14951.7
11550.8
6401.35
-1056.6
365.85
-112.9
7849.3
1023.65
-6255.25
-12183.1
-19293.15
-5465.6
3210.6
17709.9
16428.2
8453.75
-5817.55
-14491.55
-12927.75
-8271.45
2209.15
-1051
-2612.1
-7314.65
-6051.85
4708.1
13914.1
21984.95
18512.65
1885.75
1414
-16455.05
-19861.05
-13195.2
-9543.65
3367.65
5259.95
8678.95
2916.85
9418.85
6808.75
10129.1
9098.15
-6542.15
-10788.5
-21913.1
-16682.25
-991.850000000002
9313.2
19247.4
16396.5
6001.75
-2079.4
-3086.25
-2358.25
3463.45
3023.2
-8342.05
-10517.1
-17408.75
-6743.55
6946.2
14764.9
20156.05
8691.75
-3888.3
-16507.7
-15237
-10260.8
-11.2000000000007
930.099999999999
-1522.15
-5146.85
-6969.25
2956.75
11887.6
19987
20529.6
4913.95
857.350000000002
-11404.7
-23215.9
-13333.15
-9733.85
2244.1
6645
9509.95
4956.6
5935.85
6644
5402.7
9841.45
-3598.85
-9593.65
-17111.95
-19952.55
-3587.1
8134.6
17995
20985.45
8054
-979.549999999999
-7298.35
-8422.2
413.150000000001
3060.4
-1494.1
-6638.05
-11672.2
-9527.45
2788.85
11175.45
17239.95
12072.75
-1535.4
-13871.45
-18747.35
-13753.6
-2808.4
4975.95
3804.4
126.5
-4942.35
-4273.9
5608.5
14251.35
19767.55
14088
1027
-6345.85
-21562.85
-16486.85
-13421.15
-1218.8
9332.3
10416.5
11940.1
1371.7
4848.3
155.1
5990.05
3848.85
-6747.95
-10475.1
-20255.25
-10134.7
1290.65
13957.2
21427.3
13924.8
3681.3
-6833.75
-9617.65
-6626.25
2359.15
1859.45
61.0500000000002
-4793.45
-9773.15
-4489.2
4804.4
12778.7
14015
6251.15
-9173.3
-17835.25
-16457.35
-8524.25
3059.05
7959.2
4499.15
-1814.8
-6516.55
-4474.05
6129.5
14152.3
21057.35
9704.6
2883.75
-13853.6
-20026.15
-14432.65
-11717.3
9279.4
9843.95
15355.9
2594.55
1231.8
-1805.55
-249.549999999999
7370.15
-2996.45
-765.799999999999
-16687.25
-13721.45
-6687.4
2607.75
20031.8
17663.25
12680.4
-1199.9
-7947.85
-11805.65
-2228.25
1229.6
3739.4
1173.8
-8804.1
-4996.05
-3803.7
8324.5
10823.75
9431.85
237.100000000002
-10876.8
-15330.7
-12925.9
-1674.8
3975.95
8689.65
2242.25
-3443.45
-9276.05
-5054.35
5811.55
12986.2
21890.35
6605.4
4670.35
-14599.35
-17927.9
-11928.65
-9803.9
9828.3
8851.55
13551.2
1226.9
2542.9
-5193.25
1240.65
4394.7
-3090.9
1512.1
-14763.65
-8321.05
-6712.35
1760.75
16071.45
13869.7
11979.45
-74.0999999999985
-7058.65
-11156.2
-3218.1
-1916.35
3609.9
978.2
-4119.4
-2484.15
-5200.55
6155.2
6179.2
9349.85
1362.25
-5669.65
-13726.95
-12776.25
-4808.8
1801.1
9876.1
1722.45
-1392.1
-9316.85
-7133.25
1924.8
12686.45
22316.45
11494.7
7340.25
-10369.65
-16380.05
-15016.95
-11518.15
7163.55
7653.65
13820.5
1391.75
905.25
-5711.05
1059.7
3406.45
1306.3
3814.15
-12335.95
-5945.05
-11063.3
254.25
11249.45
12402.55
13808.1
2562.35
-2947.2
-11262.95
-5477.25
-4093.75
3261.45
2922.75
-2859.45
-2093.05
-7111.8
2916.75
5439.25
10623.45
5089.55
-2569.6
-12816.1
-13780.6
-7875.8
-494.5
8968.65
3745.4
380.849999999999
-10766.75
-7788.6
-1013.45
9818.8
24952.2
15564.75
6414.95
-2011.65
-17258.15
-14975.85
-17688.65
1709.65
6641.45
13912.75
6526.55
2093.75
-1716.7
-4051.8
6803.95
-579.35
5870.65
-7329.1
-11379.35
-10852.95
-8249.95
8034.7
14745.25
16416.35
8492.4
-67.5999999999985
-10951.6
-8927.45
-4308.7
-431.2
6294.25
-2981.2
-4677.45
-7502.55
-2225.1
9108.5
12424.95
11818.85
-1574
-13204.85
-18203.7
-13160.2
-1632.5
9037.7
9375.15
1363.5
-7984.25
-11656.6
-3710.2
7875.1
22525
23149.45
4535.7
2002.2
-17257.65
-18816.45
-19810.95
-2128.4
10955.1
13110.95
11274.95
-926.35
74.1000000000004
-6449.7
6677.35
2092.05
4228.1
-3603.15
-15906.2
-10118.6
-10698.6
6355.9
15843.85
18500.05
11420.15
419.800000000003
-11153
-11916.05
-3959.05
-974.65
7348.05
-1596
-4697.05
-7913.65
-3013.05
7221.05
12226.1
13614.75
723.650000000001
-9882.1
-19622.35
-14646.35
-5383.3
7179.2
9977.2
3750.55
-5436.9
-12010.25
-4884.3
5197.7
18976.3
26946.65
5545.7
2396.45
-9331.65
-22655.15
-18450.4
-10615.05
8320.95
11475.75
14058.75
1337.7
2767.5
-5199.7
4206.8
5998.9
1338.65
878.450000000001
-15631.35
-13544
-10483.35
-1015
14241.1
18469.45
13130.55
4320.4
-6110.85
-12054.65
-5133.15
-3632.15
4405.4
425.9
-3155.05
-5317
-5139
5215.95
9109.6
13773.4
5211.85
-3607.8
-15464.35
-15951.05
-9235.35
1409.05
8074.8
4704.3
-1044.6
-9927.25
-7908.3
1594.45
11383.95
26540.9
15619.55
1551.65
87.5500000000029
-21595.55
-18179.95
-18925.7
2238.7
9993.3
14477.4
8277.55
2083.75
623.700000000001
-3023.4
8879.95
-559.599999999999
2293.6
-10594.15
-17027.2
-10516.4
-8471.9
9842.55
16363.1
17952.35
9993.85
-463.599999999999
-9582.8
-8853.55
-3997.85
-1672.55
2079.5
-4827.7
-3442.7
-5473.35
1949.5
8226.2
13357.25
11245
918.549999999999
-9332.85
-18755.3
-13047.75
-7266.45
6065.6
6787.9
3330.85
-4124.4
-9396.15
-2547.1
7289.5
17732.8
24192.35
4577.9
2102.9
-11281.65
-24491.65
-13901.85
-11193.85
7924.6
10606.55
14822.1
3219.4
4715.45
-311.9
1850.8
6016.15
-5265.25
-2157
-17270.75
-14900.15
-8237.55
-1538.5
14731.35
18433.9
16258.1
6276.8
-1760.45
-11799.5
-6513.7
-5749.1
-2574.6
474.5
-6731.75
-2307.05
-1205.75
7460.1
12451.75
13360.75
5249.5
-6071.7
-16179.45
-17578.25
-9162.3
-1437.5
9041.35
5145.6
1151.3
-5508.45
-6354.2
3156.6
9662.25
17302
16451.8
-2300.4
-18341.65
-13378.75
-7842.85
-3959.15
9249.2
5458.8
11867.3
2115.4
6434.8
-1006.05
1979.25
-525.65
-6354.95
-6057.45
-16132.4
-8816.05
-5006.45
6292.75
14919.5
17589.45
11274.15
2903.65
-4280.8
-12188.65
-5481.9
-8257.75
125.25
-2760.75
-2622.2
1877.4
778.45
13132.5
7943.25
10400.8
-3352.85
-7751.45
-16150.65
-12988.05
-3878.65
-1559.1
9396.75
714.549999999999
3198.95
-4442.7
-2028.75
3973.15
6681.85
9764.5
9632.6
-127.399999999998
-442.349999999999
-8270.45
-10554.7
-2981.5
-6826.4
4451.4
4389.3
9457.3
4367.7
4269.55
-667.65
-2524.1
-478.949999999999
-6797.65
-3144.9
-11018.45
-7777.65
-1142.5
2890.25
15704
13626.7
10441.25
1912.5
-6724.05
-10774.25
-7088.1
-5426.65
-499.8
1546.65
-1286.3
1902.25
2186.7
8449.75
8375.9
5457.95
-1718.05
-9852.7
-14663.4
-11367.95
-4351.35
3920.35
7913
4210.55
160.9
-4565.95
-2758.15
804.9
5151.9
4845.85
7746.4
2071.35
521.300000000001
2050.65
-6083.55
-490.3
-7764.7
-2265.95
-1042.3
5326.75
5508.15
2995.5
4462.35
-5681.35
3359.55
-6221.85
-3265.05
-3933.8
-9083.6
78.75
-1306.75
7824.5
11751.9
9395.35
3796.9
-853.149999999998
-8433.25
-6292.9
-2363.35
-3672.65
3196.6
-3435.7
893.75
180.05
4671.8
6862.2
5384
2128.9
-6418.4
-8361.75
-12128.4
-2123.55
-1614.3
5613.05
2536.95
-1415.95
-966
-6733.8
1981.5
677.4
6386.35
5524.6
6456.5
3665.75
4896.6
1455.9
-5653.6
-5240.2
-11928.9
-4411.65
-1618.15
8742.1
5666.95
6768.6
2278.75
-3012.2
1148.75
-6702.35
-1295.95
-7070.45
-6172.3
-2086.6
784.9
8278.55
10841.1
8673.45
2531.8
-318.75
-7669.25
-2982.35
-4195.95
-2633.85
-1600.65
-4043.25
-1248.35
3110.85
7591.1
10001.45
7599.65
-71.9500000000007
-5951.6
-13652.65
-9279.6
-5091.35
872.15
2923.05
38.25
-1438.95
-2883.5
-375
2309.7
5287.85
5419.45
4696.1
7125.45
1719.65
4416.45
-1514.65
-7675.65
-6184.75
-10465.25
-1669.5
1868.2
10270.65
4639.1
7212.15
-1332.55
-4180.75
-1331.4
-8199.75
-227.4
-6792.35
-3702.45
202.449999999999
3192.55
8416.95
11157
6530.9
945.6
-2009.9
-8596.4
-4337.05
-5216.45
-2836.35
-1596.15
-1413.45
3766.45
5749.8
11207.7
7949.45
4108.35
-4938.2
-10507.95
-11893.05
-10348.1
-2181.55
-357.700000000001
3790.65
935
1643.85
956.15
-452.5
4646.85
-15.7000000000003
2444
1392.35
3072.65
3841.45
4618.15
1307.6
-3585.05
-5138.1
-8705.25
-1318.85
1231
8580.9
1984.35
3918.85
-4059.45
-5791.8
-382.5
-4959.7
3702
-2856.05
-301.1
-288.6
1062.6
5902.4
5913.85
4190.6
-1205.35
-2841.6
-7913.2
-1516.05
-1808.45
617.099999999999
2301.05
-45.95
2495.45
3532.85
5621.7
5083.3
1281.5
-5094.85
-8249.4
-10878.05
-6517.35
-1457.35
2242.65
5150.25
2231.5
1508.2
-2428.85
-1089.2
590.049999999999
-71.75
919.05
-1448.15
2224.3
5544.45
6014.35
10255.5
-227
-1626.2
-9456.5
-8299.1
-2717.35
3597.8
4624
-151.75
-8503.15
1239.5
469.75
6422.55
5600.15
-1640
-3426.9
-5644.1
-1722.9
2878.7
4985.2
1422.15
194.2
-4925.35
-2972.85
1916.1
4170.8
5709.95
2537.4
-2069.75
-4277.6
-2150.4
1110.8
4062.8
3318.7
-2363.55
-5314.5
-8659
-4336.7
405.4
2397.4
4480.45
71.25
-2410.65
-2121.25
-2669.75
1148.95
616.349999999999
-714.950000000001
832.65
2094.55
8204.55
7610.05
11623.85
-238.099999999999
-3541.7
-9869
-11870.1
-2684.45
-282.05
6439.45
-1007.3
835.5
-6286.2
1071.65
2727.95
5792.45
6518.6
-2848.8
-3727.5
-6991.85
-1128.35
2751.05
6760.6
1278
-119
-5539.55
-3971.2
4229
4581
8178.4
785.15
-4169.7
-7218.75
-4874.3
1279.35
4782.85
5435.7
-3586.05
-8235.95
-5383.7
363.949999999999
2213.6
5130.35
150.05
-819.1
-3402.4
-2062.1
-156.650000000001
-383.55
338.599999999999
-1389.15
-199.1
5456.05
8503.45
9392.6
9018.7
-4165.55
-4217.6
-11530.85
-6790.9
-1290.45
2994.15
610.5
-2916.65
-3684.1
-4806.95
4615.6
4881.2
9389.9
3862.85
-2030.35
-4276
-3126.55
-1034.95
4685.45
1046.45
-2072.35
-3245.25
-4998.05
2445.9
5485.4
7924
4233.4
-2147.25
-7324.25
-5945
-2505.1
2728.05
3415.75
682.35
-2555.55
-5477.9
-2720.75
2178.85
5251.45
4042.15
581.5
-5559.35
-5916.25
-3704.6
84.1999999999989
3390.75
1609.05
1533.5
-2646.65
-1387.2
1633.5
8566.05
6990.35
6902.9
1103.15
-6279.45
-5123.75
-7484.35
-621.85
-1236.9
1767.5
-5207.2
-1905.6
-3657.2
2615.45
6627.75
6475.6
4368.15
-781.1
-2528.15
-3148.5
1667.4
1938.55
4577.25
-2354.6
-2542.9
-5014.6
-2315.75
1965
3153.35
1997.7
-455.85
-2589.9
-1992.1
471.4
2669.05
2512.15
-158.45
-1321.7
-3672.25
-573.6
1459.4
3189.25
693.65
-2098.8
-5232.3
-4510.85
-642.15
3075.7
4567.95
3384
-2412.25
-4385.85
-5834.75
-2149.1
2913.9
4108.2
7912.5
1585.75
3068.45
-1699.1
-156.95
146.650000000001
188.650000000001
-869.849999999999
-3429
-1850.2
-5622.3
1826.75
-1190.8
2593.4
2524.25
315.5
-579.3
369.4
88.05
4702.7
1962.9
-90.5999999999995
-683.049999999999
-4402.05
-2554.5
-2158.9
383.95
1955.1
2065.35
-545.2
-843.6
-1159.45
440.05
1936.35
fog
1683
0
5907.15
5064.3
3470.05
4670.7
-2340.4
-3017.45
-5407.7
-1899.5
-2861.4
1139.6
1128.8
-930.75
854.7
-4224.3
303.45
-487.9
2440.85
4377.75
2676.85
3624.75
1800.7
973.050000000001
-1626.4
0
-3415.9
-1316.55
-1716.7
-1627.05
709.7
-872.55
612.2
-2528.65
-1772.2
-2790.65
-1231.95
-413.900000000001
908.25
1536.55
-83
-113.2
-2717.3
-2205.9
-3295.7
-766.35
2723.6
3102.5
10201.05
6239.7
5787.15
2772.05
-5454.85
-4639.95
-6885.35
-2412.9
-2681.75
2910.95
-588.35
-101.55
-872.2
-5379.45
1108.8
-774.5
4752.2
7511.3
4996.55
5715
2121.55
-2097.6
-4068.1
-3083.8
-4014.4
-620.7
-1176.6
-420.6
307.2
-1766.65
-866.1
-2851.2
-1030.7
-53.9000000000005
997.799999999999
1311.35
1244.25
-585.15
-1860.6
-4166.65
-3668.7
-4054
850.549999999999
5586
7191.2
13135
5596.1
4672.45
-2741.7
-8394.95
-7405.25
-6450.8
-1540
-626.400000000001
4084.05
-2279.25
-95.8000000000002
-3014.8
-3612.1
3982.7
574.349999999999
7510.3
7298.85
5023.4
5211.25
-1237.85
-3658.65
-5259.05
-3990.25
-2913.35
1089.15
-42.7
586
-232.75
-2405.9
-1091.05
-2242.4
-402.85
-239.1
1867.2
1391.75
1451.2
-1146.25
-2078.4
-2976.3
-5399.05
-3329.9
-3609.55
121.75
6493.9
7781.25
12581.75
7677.75
2824.05
-666
-9108.2
-7284.2
-7767.8
-1661.2
-692.650000000001
1833.7
1647.15
-1314.3
376.349999999999
-2939.65
2287
2450.8
3911.2
7330.95
3632.7
3528.5
-1386.8
-3449.1
-4405.1
-3828.6
-1653.1
-495.7
1572.75
291.7
960.45
-587.1
-1404.4
-1177.95
-1491.6
-100.1
565.45
2339.1
745.6
-259.75
-2682.25
-4340.15
-5179.2
-5400.65
-3020.05
-465.350000000002
6791.6
8966.25
11345.4
10738.8
2845.4
624.799999999999
-9288.35
-9619.9
-8908.05
-4263.1
1242.55
1928.2
4834.6
-781.7
854.2
-3210.4
-677.7
3350.45
2031.1
7901.75
2804.65
2732
-585.25
-3717.85
-4564
-3964.7
-2151.1
-510.6
3578.1
1028.05
3093.05
-249.3
-1176.4
-1847.75
-2370.3
-59.0999999999999
969.6
1597.6
254.3
399.7
-3976.2
-4775.8
-5966.3
-5723.75
-1943.1
839.25
7017.3
10738.75
10951.55
11366.95
2510.95
-2085.7
-8969.55
-12542.3
-8365.6
-4253.3
2329.3
2721.4
4900.55
-971.5
-955.35
-1380.25
-2285.4
5122.15
2922.15
6213.45
4132.8
-259.25
-1073.3
-4741
-3178.1
-2882.1
606.1
1399.95
4386.65
1946.95
393.25
-641.5
-3168.25
-932
-2314.4
922.6
527.3
1091.7
658.9
-1359.3
-3150.95
-6072.6
-5561.45
-5035.95
-1780.4
2626.75
6015.4
9929.5
10514.3
10643.4
5381.85
-1506.9
-6093.8
-12701
-9772.4
-7926.6
-634.75
2028.6
4228.85
3120.2
-276.95
1024.35
-2238.05
2951.4
3458.6
3945.2
4483.3
-217.299999999999
-2037.4
-5204.7
-4308.1
-2572.8
1740.2
4855.9
5134.35
5135.15
906.35
-1978.9
-4520.25
-5024.25
-2109
-381.9
1907.7
2031.35
1279
-1381.2
-3264.5
-4605.25
-5506.8
-3685.25
-2591.75
1239.1
4842.05
7215.9
9781.45
7348.05
6643.3
998.950000000001
-3850.35
-8276
-10821.7
-8473
-5299.95
1944.4
2199.65
6464.65
2963.6
644.9
1691.3
-1861.75
2206.25
1878.45
1882.65
2427.55
-2041.6
-2684.65
-3329.85
-4064
371.7
4248.15
4830.8
7987.35
4324.6
-98.6999999999989
-3480.45
-7775.05
-6491.8
-3802.6
651.599999999999
2431.5
4630.8
2118.15
-1073.2
-3139.3
-5969.65
-3915.45
-3448.8
-677.950000000001
1925.7
2677.5
4999.35
6896.2
5352.4
6054.85
2694.6
-3042.6
-3862.5
-9334.65
-7833.1
-5004.05
-472.1
2409.85
4924.4
4612
908.4
2255.5
-2114.3
512.9
900.15
-374.4
2633.25
-2001.5
-1727.35
-1979.95
-3007.6
333.349999999999
4044.65
6467.1
6548.05
6813.9
-1096.5
-2254.85
-7500
-9257.65
-5299.7
-2107
4833.1
5224.35
6193.75
1351.9
-1017.5
-5258.95
-6426
-4882.5
-4258.7
-658.25
-354.450000000001
1778.4
4157
5966.35
6718.35
8655.2
3776.05
-505.899999999998
-4199.55
-8844.4
-8509.95
-6001.25
-474.6
2244.55
5710.3
3462.2
928.25
1200.55
-2423.8
16.8
256.8
-1069.25
1544.75
-1766.85
-2217
-648.15
-810.45
2626.35
4720.55
5942.35
5521.25
4002.65
-2086.55
-4401.45
-7527.7
-9014.45
-3839.55
-1436.2
5378.95
6982.05
6680.35
2591.35
-1306.65
-5054.05
-7682.3
-6641.3
-5171.7
-2011.65
-401.100000000002
2064
3098.2
7729.85
6457.6
10083.15
5718.6
-581.799999999999
-3067.7
-10714
-8674.7
-7399.9
-1196.35
1920.1
5630.7
3524.3
355.1
1814
-1852.2
1275.65
481.65
197.65
1229.3
-2844.85
-883.65
-1757
-1286.9
3236.9
3821.7
5741.1
5448.8
3921.9
-649.9
-3735.4
-6187.45
-8378.85
-5195
-1874.5
3934.45
6801.35
7110.4
4014.1
-1170.7
-4908.8
-8537.45
-8658.05
-6616.8
-3836.4
-144.049999999999
4100.15
3387.2
8988.75
8492.95
8876.45
9836.65
-1168.5
-350.599999999999
-10680.85
-11606
-9070.15
-7179.4
266.149999999998
2984.4
7088.55
3135.25
4719.85
776.1
127.05
1710.9
-1421
1320.6
-1804.6
-1770
-208.65
-1790.55
978
2529.45
5007.8
4241.65
5696.9
676.150000000001
-2451.55
-4995.35
-10174.25
-4591.05
-4487.4
3783.45
7194.05
8532.2
7272.3
-976.949999999999
-4723.8
-10942.65
-11016.95
-9209.6
-3554.75
-621.900000000001
3238.65
3984.65
7655.8
11132.05
9223.1
13612.05
2890
-1540.45
-8594.3
-17244.45
-12760.45
-10932.2
93.0499999999993
3563
9815.05
7095.8
5141.65
4275
-1772.95
2411.55
-3106.25
-801.2
-89.0999999999999
-4372.8
-700
-2316.2
-349.6
2336.9
5189.1
6717.55
7200.25
3539.75
-1216.5
-4610.3
-10047.3
-9253.45
-6429.3
57.3499999999985
7234.4
10484.4
8575.15
3559.55
-4540.6
-11257.95
-12109.75
-12016.6
-5266.6
-1699.65
4399.8
6825.95
7309.85
12346.05
8903.95
11443.05
7872.6
-3572.15
-6363.65
-16773.8
-16517.2
-11570.45
-4366.9
4265.85
8576.9
11318.2
6485.2
6684.55
-179.549999999999
-275.949999999999
-1064.3
-4437.05
-1265.55
-4863.35
-4116.45
-1147.8
-96.8000000000002
3823.75
6401.6
7673.85
6182.3
5766.4
-1441.4
-4020.95
-8647.2
-10432.35
-6618.4
-3950.1
5901.4
8166.8
11310.75
5391.35
-772.349999999999
-7765.35
-12502.1
-12059.5
-9286.8
-1754.2
1962.9
7396.85
6949.15
9405.55
9608.45
6919
9600.3
799.800000000003
-3868.5
-9556.9
-17580.8
-13379.4
-10472.7
2426.8
6996.85
12942.55
10399.75
6059.2
4467.1
-3957.95
-909.9
-5843.55
-5124.2
-2763.05
-4860.6
41.6499999999996
1073.6
3313.9
6316.45
7606.95
6659.75
5384.55
2889.25
-4961.2
-5855.75
-11279.75
-9100.2
-5409.2
16.8999999999996
8385.5
8984.55
11101.75
1724.65
-3249.6
-10405.05
-13159.2
-10751.6
-6081.65
643.099999999999
5751.45
7768.15
6924.1
9191.1
6749.9
7213.35
6948.95
-1260.05
-5384.4
-13695.6
-17044
-12853.5
-5988.6
5472.8
10309.85
16837.1
8626.85
4795.35
-584.75
-6859.25
-3392.9
-7239.15
-2114.25
-569.5
-1423.65
2588.25
2321.6
4197.3
4995.5
6133.95
4243.2
4104.55
-826.950000000001
-6130.15
-7128.9
-12309.95
-6525.8
-3987.2
4989.55
10423.25
10338.9
9605.75
-1045.05
-5873.25
-13130.95
-12486.8
-9769.4
-4220.4
3008.45
6475.15
7784.15
6262.45
7626.2
6135.55
6503.2
6788.75
-2206.1
-6406.35
-14195.05
-16153.55
-10781.8
-2302.25
7618.05
11924.7
14679.1
5171
4653
-5061.75
-6296.2
-2715.55
-6231.7
1426.7
-795.2
-465.35
2116.6
1454.35
4033.2
5411.15
5649.9
4131.55
2284.3
-2537.85
-5914.6
-8259.45
-10474.8
-5927.15
-1680.9
5782.2
11563.7
10140.75
8082.5
-1430.75
-8048.35
-14029.8
-14041.05
-9596.75
-1813.9
4065.6
7569.05
7607.9
5981.85
7018.65
5050.55
7544.5
5485.4
-983.049999999999
-6954.3
-15170.75
-16029
-11047.6
-1350.4
7749.95
13266.1
13112.1
6220.8
3474.5
-4930.65
-4633
-3653.05
-4834.15
161.55
-1186.65
-204.05
1472.3
1964.5
3667.15
4890.75
4537.35
3495.5
2063.25
-2571.8
-4638.85
-7711.75
-9219.05
-4614.45
-1789.6
6329.85
11114.05
9732.8
6982.75
-1882.65
-9372.1
-15451.85
-13875.05
-8847.95
-816.950000000001
6070.9
8293.4
7731.15
6193.3
4772.65
5470.95
5371.5
5096.25
-369.700000000001
-8387.6
-13234.85
-17372.05
-10010.75
-1128.4
9231.5
14412.5
14153.8
7220.8
1423.35
-3890.65
-6524.7
-4200.45
-4344
-1005.45
-279.9
-1499.9
2212.35
1756.5
2555.7
6077.15
5333.2
3754.1
2601.7
-2611.1
-5204.05
-7027.9
-9458.15
-4835.3
-2149.55
6186.5
10570.1
10789.6
7414.7
-2388.5
-9525.65
-15720.1
-14850.3
-8332.85
581.449999999997
6822.35
10728
7841.3
3772.9
1418.4
2066.7
3989.3
6305.45
2864.25
-5528.5
-11126.05
-17018.4
-10460.1
-2164.35
9818.2
13423.95
14329
8006.7
-594.799999999999
-3242.85
-8804.35
-3910.55
-3040.3
-1161.2
371.5
-2494.6
901.599999999999
1805.45
3699.55
6685.3
5055.8
2922.3
262.5
-2202
-5285.5
-5145.85
-5406.55
-4948.7
-723.4
1694.9
7686.7
7631.6
8576.55
1489.7
-6354.95
-11733.55
-16078.1
-9253.35
-4039.5
6007.85
10607.3
7944
4409.25
-1609.4
-832.25
3668.1
5537.65
8651.5
569.650000000001
-6858.8
-12850.95
-15456.45
-7206.95
3679.15
11502.15
13535.9
11205
61.7000000000007
-687.049999999999
-6382.3
-5461.6
-1145.1
-3837.2
391.15
-2370.45
-916.55
2470.6
3638.75
4817.4
5505.5
4337.05
184.1
-319
-5615.9
-4471.1
-4040.4
-6107.15
-209.900000000001
-742.8
4730.15
7034.6
5901.4
3978.55
-2914.7
-7197.35
-13098.2
-9040.9
-5887.75
1721.25
7027.95
5995.6
4122.35
-1644.25
-2950.35
618.049999999999
6406.75
9044.5
11623.4
-19.25
-6579.85
-13692.8
-15908.45
-4704.1
2755
13044.6
12659.1
8356.5
-134.349999999999
-4557.5
-5855.35
-5146.7
-423.65
-1511.05
-284.9
-1907.85
-1566.6
2629.1
3619.9
6683.9
5770.65
2377.1
-1244.65
-2989.85
-3713.4
-4056.1
-1467.55
-2112.85
-2285.7
1935.95
357
5427.6
3743.45
4016.2
-424.4
-6603.25
-8802.7
-11513.45
-3850.45
-538.350000000002
5804.75
5729.75
1840.95
-1525.3
-4750.35
-563.450000000001
6433.9
10086.2
13939.7
4908.2
-4788.9
-10483.6
-16498.05
-8998.75
-570.400000000001
8338.6
11377.15
9986.5
1909.75
-1815.45
-5286.1
-4932
23.45
-628.3
-85.65
-1475.25
-2911.15
-986.2
2506.05
3310.8
7177.85
4775.65
442.5
209.75
-4313.2
-2862.3
-3887.6
-4283.15
-1438.3
-1422.55
2747
3480.85
6808.65
3335.65
1566.95
-4602.7
-8925.55
-8738.7
-7374.5
9.29999999999927
2388.2
5076.65
2859.3
-1814.45
-4116.15
-2095.1
3935.4
10676.3
11730.85
12299.45
236.550000000003
-7407.4
-14899.85
-16970.25
-6147.85
2031.2
12314.55
11154.3
8787.95
-558.25
-2642.95
-4743.65
-3362.1
1148.65
-1555.05
-603.65
-3606.5
-4462.9
-605.1
3322.3
6659.6
8733.45
4612.8
849.6
-2264.9
-5548.35
-3769.4
-5062.1
-1150.25
-2698.9
603.5
1563.25
2409.65
6230.75
3390.4
3397.3
-4929.3
-5761.7
-10198
-6507
-1216
1167.5
5901.15
737.45
-885.05
-4007.55
-2586.85
4780.95
12334.2
12416.5
12164.1
1013.65
-10227.6
-12904.9
-17509
-6484
1588.35
11417.65
9642.85
7123.5
-350.65
-3115.8
-1097.95
-3155.15
3002.35
-798.75
-4752.2
-4088.75
-6936.8
-1144.2
5629.7
7052.65
10180.1
6094.5
-94.6999999999989
-3085.2
-5667.9
-6365.05
-3077.4
-3557.75
-1411.55
64.3499999999995
1073.65
5221.2
6976.45
7784.6
2282.6
-3867.2
-10079.5
-12534.85
-9602.45
-2001.1
4115.75
6693.75
3994.55
-1254.5
-2799.2
-2094.65
3756.35
11429.05
11828.7
8341
2047.05
-11549.3
-12658.5
-13561.1
-6755.6
2142
9305.6
10230.5
6739.25
4520
-3505.6
1147.5
-2494.2
-1247.6
-1515.1
-7742.9
-6254.55
-5735.9
-2579.15
6849.55
9900.25
9714.25
8117.05
-191.149999999998
-3972.7
-6486.55
-7311
-3541.9
-2362.4
96.6499999999996
594.849999999999
2355.75
4308.3
5607.8
7146.05
2909.3
-1467.35
-9277.45
-12127.45
-11017.1
-4510.5
2434.85
5732.3
6703.65
2117.8
-721.7
-655.15
-119.85
4831.4
8072
4719.05
3771.4
-2115.3
-7565.1
-7720.05
-7670.15
-2032.8
1938.25
8892.65
7217.45
5880.1
2473.85
-3548.5
-1294.55
-6898.2
-4357.5
-3808.45
-5599.9
-253.800000000001
3120.85
9526.85
7256.05
4603.05
2736.65
-4401.3
-6905.2
-7001.25
-5728.45
-706.050000000001
1072.35
2942.3
4427.9
2537.45
3511.85
2677.65
2934.3
833.85
-3027.9
-8344.45
-10887.85
-8281.6
-4133.95
5305.3
7257.4
8284
4469.75
-974.95
-3815
-5318
-2573.15
2061.2
6132
4255.2
7738.55
-1043.45
-1608.25
-4253.1
-5577.8
-688
1733.75
5144.1
1074.35
2646.2
-6364.45
-2835.55
-4754.3
-1637.75
3596.3
290.35
2997.15
173.1
-736.05
1254.9
2661.25
910.7
1787.05
-1411.65
-4209.25
-2664.5
-3094.5
1292.6
4253.4
3832.25
3533.85
689.950000000001
-2128.5
-1198.7
-1962.15
-1076.15
-723.5
-1232.35
-3322.8
-3967.75
-1355.85
1002.95
4272
3165.8
1476.6
-1694.4
-6423.65
-5525.95
-4102.35
-915.6
4918.25
10039.15
9273.85
9793.95
5777.95
-2501.1
-4498.15
-10743.8
-8920.95
-4945.25
557.949999999999
463.949999999999
4166.55
24.9499999999998
-552.2
3767.25
-522.4
5476.55
1744.75
-1798.4
-3201.45
-5424.35
-3366.85
2062.2
1620.55
3101.7
3593.2
-1872.9
1339.7
-235.95
-216.55
3777.75
1260.6
-895.599999999999
-72.0500000000002
-4516.25
-982.8
228.25
1706.35
3561.7
506.5
-1026.2
-4377.2
-4337.55
-3108.5
-536.25
533.75
2276.6
-647.75
-264.900000000001
-1136.85
-912.35
1072.6
2133.35
2561.65
4503.4
4475.5
1865.95
3897.3
-2479.35
-2444.3
-4568.6
-5739.7
-2914
43.6499999999996
1104.05
573.599999999999
884.15
-3928.75
565.049999999999
764.05
3225.8
5403.05
1638.55
-595.8
-1455.4
-3587.75
-697.45
1028.75
-764.05
1795.8
-1989.45
-2222.55
834.8
1885.45
4081.15
5023.65
2207.05
410.550000000001
-1652.2
-4195.8
-3116.15
-2905
-1371.05
-1054.1
567.8
225.95
1303
1584.85
-20.9
259.85
-2100.35
-644.25
-375.1
-1027.15
-1459.2
-1044.65
-3146.2
-1149.85
-233.550000000001
3510.35
7584.85
6724.15
8471.8
2312.35
-2520.1
-7329.8
-9498.35
-8338.1
-1973.2
690.449999999999
2409.85
4156.95
-715
2661.05
2652.25
2607.85
3450.45
2036.85
-3093.55
-3156.65
-5602.05
-3476.15
2035.3
891.55
4039.65
3149.35
1220
1743.4
326.400000000001
-1172.2
884.25
-1027.75
-2297.95
-812.4
-2540.3
-1219.35
303.1
1052.5
2861.25
4087.5
3181.75
883.700000000001
-2048.5
-5773.45
-5419.4
-5440.4
-2126.85
1922.35
3512.05
3232.95
1683.95
-2752.25
-1739.7
-2309.65
-1193.1
2755.5
3414.7
3785.05
4385.85
1985.15
-767.15
-973.099999999999
-3440.3
-2276.45
-776
663.5
-1095.05
-647.25
-4667.3
-1601.85
-853.650000000001
880.2
4166.95
3737.85
2420.05
3719.75
776.6
-44.5
208.35
-4692.05
-2873.05
-3665.45
-2892
497.2
2091.55
2032.5
3389.5
1877.8
1595.85
2290.35
115.05
166.900000000001
-1676.05
-3417.7
-3045.4
-2137.35
1996.85
2761.85
2749.6
1435.6
-2060.85
-3864.25
-4348.05
-3596.05
-1978.75
132.699999999999
389.549999999999
794.6
618.7
372.9
964.3
2235.5
2950.1
3050.25
2164.75
2791.45
-1847.45
-363.55
-2468.8
-2529.65
-323.7
2436.2
893.9
1052.35
-1322.25
-3393.85
-1465.25
-3013.45
-362.55
292.099999999999
-83.3000000000002
398.099999999999
2500.15
1454.7
4208.2
2902.55
2599.1
482.75
-1239.05
-3243
-1615.9
-3062.4
-1434.7
-1544.7
-1003.75
237.8
1820.45
3360.05
2878.55
2383.3
713.25
-477.75
-1697.3
-230.8
-1895
-1553.35
-2286.45
-2522.15
-1114.95
58.5999999999995
625
1060.85
-1030.75
-1188.15
-2157.25
-1212.35
99.5499999999993
997.2
1613.5
2834.2
1682.15
2645.9
5649.5
1306.75
2920.15
-995.949999999999
-2101.95
-3769.25
-2062.35
-2795.7
-713.1
-1385.2
-1630.3
-859.45
-128.400000000001
654.75
2153.7
1067.3
-924.35
-378.5
-2827.15
125.5
564.599999999999
1868.75
3205.15
3685.25
1152.15
2159.4
-128.2
-738.799999999999
-1189.6
-1862.15
-1378.55
-890.5
-1291.25
-1699.75
2019.7
1185.1
-1431.2
car
1999
0
-1625.8
-4489.9
-2576.05
4904.55
-3262.15
-5192.55
-939.8
601.65
3768.95
4185.45
-742.2
-2535.75
962.35
699.05
2225.2
1516.05
-265.9
-244.25
-827.2
1319.9
1771.95
-2.30000000000018
-455.15
-830.9
-1803.6
-1782.25
-779.85
-3151.65
-1343.1
236.65
-98.75
567.849999999999
-707.55
-2047.7
-2047.55
-785.8
-1074.6
-1189.85
-1122.2
-1983.3
1999.15
6729.4
5547.7
9063.95
3904.9
-2524.3
-3137.15
-5715.35
-4845.05
584.15
3215.25
-4306.85
-2389.3
-1983.9
1806.4
6515.55
3801.8
-1121.5
-2215.2
-2393.05
895.3
3317.3
1086.1
2963.1
-160.299999999999
-679.7
87.25
1386.1
-734.599999999999
610.900000000001
-2814.65
-3843.3
-1046.6
-2073.1
-686.45
648.45
-78.7000000000003
325.6
1471.85
-1521.85
-1427.3
-2975.4
-1846.7
-1621.65
-1204.6
-2602.7
-3353.9
4004.55
8555.75
7288.6
12653.4
1258.05
-5104.95
-4472.95
-7528.25
-5467.55
4044.95
3599.7
-6374.65
-82.9000000000001
-4331.35
4366.45
8015.45
4422.95
-2789.65
-3642.35
-4184.6
-221.15
5594.15
2734.45
3999.45
-2201.75
-766.299999999999
-1321.4
963.5
366.650000000001
621.05
-3905.15
-4286.6
-1603.7
-1329.8
2595.4
3407.6
1414.2
-374.75
-606.6
-3437.85
-2600.95
-3761.5
-3329.9
-2267.95
-1427.65
-1523.1
-308.400000000001
9218.1
7738.85
9964.8
9535.15
-6362.45
-5281.1
-9789
-8420.25
-3326.5
10898.8
1558.45
-1704.75
-364.15
-3955.2
8221.95
6320.65
2680.05
-5760
-7111.6
-7434.95
5324.95
5049.15
9163.05
2031.55
-4796.25
-1494.2
2936.65
1118.2
-382.049999999999
-8282.3
-3163.7
-1854.65
2127.5
5740.75
3346.5
-1658.35
-2443.6
-4014.35
-1774.15
-671.85
-3676.45
-3448.25
-4412.15
-978.75
101.849999999999
4252.95
12551.35
7992.15
11363.35
4380.5
-11267.55
-6748.25
-13057.7
-7092.2
357.849999999999
12593.1
-918.65
2009.8
-666.1
-1458
8645.25
2783.3
-1581.55
-8415.7
-9704.4
-5138.55
8675.7
8135.15
13221.95
-314
-4385.5
-6177.85
-2381.05
4033.2
4192.45
-50.3999999999996
-8193.35
-3572.3
-4817.75
5832.35
8616.45
4494.05
-2538.35
-5874.85
-7262.55
-2484.05
682.65
-448.900000000001
-2501.8
-6324.15
-3222.3
-110.75
5510.5
14858.85
10501.7
7923.2
4997.1
-15935.25
-8377.95
-12491.7
-6543.1
2128.15
11863.75
5093.5
824.15
2971.25
-4748.05
8498.65
646.300000000001
-4438.8
-8554.6
-13553.9
-4275.2
8947.8
12345.45
15520
3493.05
-6071.8
-8415.45
-3006.6
1649.35
5188.1
320.75
-8123.65
-3116.15
-3180.05
8162.5
8396.6
3541.1
-4331
-7867.35
-9095.1
-1830.6
3199.8
1140.1
-375.95
-6545.55
-4481.4
-1298.4
3871.45
10325.05
13535.6
5979.4
6060.45
-7979.8
-13917.95
-9752.15
-10063.5
139.899999999998
8681.35
12107.05
2635
3886.95
-3131.65
1229.85
4170.45
-5688.25
-9081.45
-14781.75
-9333.8
6408.9
16664.65
18375.7
11496.15
-3569.6
-10252.35
-7405.95
-1837.85
3194.5
1998.4
-5559.4
-4731.6
-1830.8
5949.85
11410.5
6148.5
-1458.15
-10561.1
-10307.45
-4849.9
3375.7
3975.8
1329
-5168.05
-7929.7
-3874.75
1159.9
5920.15
8224.3
9898.9
4410.55
1362
-985.799999999999
-11818.7
-5376
-10246.05
-2048.15
6981.6
10994.05
7278.6
244.800000000001
-921.549999999999
-5665.6
3393.65
-6784.95
-7349.7
-8957.05
-5424.6
7552.75
14437.35
15488.55
8040.55
-2916.35
-9494.05
-6500.3
-1868.6
893.15
1599
-4094
-2085.45
1277.15
7850.95
9206.85
2445.7
-5157.75
-12351.6
-7004.15
-2381.1
5625.35
4017.95
845.75
-6724.7
-8078.85
-4803.85
629.299999999999
5600.35
3750.1
5198.25
7198.15
4829.3
5990.95
814.450000000001
-13161.45
-7507.1
-13917.05
-693.400000000001
7892.6
14003.3
6072.5
1965.95
-3480.5
-6094.85
713.3
-7906.9
-3893.7
-7824.8
-2415.45
8435.75
12206.45
12830.3
8473.7
-3908.35
-8732.65
-7731.4
-5031.9
1418.05
3107.2
850.75
1829.4
2329.95
4570.15
1730.95
-957.949999999999
-7128.4
-5545.6
-2088.65
3934.25
3989.05
-1638.95
-5640.5
-11137.7
-5064.55
-732.5
4122.85
3994.3
4186.55
5652.6
11142.25
5731.6
7513.65
-5727.05
-16931.45
-13794.8
-15088.9
5617.65
13684.4
20187.8
3863.4
-1570.6
-10490.3
-4761
2060.75
-3327.15
-1751.85
-11183.45
-4312.65
7210.05
16535.7
16584.2
9519.4
-8255.35
-14304.85
-11127.35
-6317.6
6354.15
5571.55
4656.45
2022.05
87.4000000000005
2102.65
2376.35
267.35
-4685.95
-6914.25
-6120.95
84.9499999999998
3894.2
2420.7
-4262.15
-8586.6
-7977.7
-1573.5
5793.2
6523.6
7270.4
5067.45
7163.3
5116.35
3235.85
-3001.9
-17452.5
-12060.7
-15564.75
3930.8
13720.2
19023.55
8872.75
-1988.3
-8487.3
-8806.95
1531.6
-2680.1
-1527.55
-9024.8
-5343.55
4875.7
16465.55
17823.4
11537.4
-5548.9
-16368.6
-14299.35
-7601.55
5983.85
9389.65
5181
1000.5
-1871.7
1575.9
3162.55
1913.3
-4216.45
-7314.25
-6859
-1915.9
2454.35
3366.9
-1569.25
-5707.45
-6458
-2292.35
3705.5
6057
4880.65
1963.75
2607.05
5177.5
2496.1
4116.15
-9576.95
-13730.65
-10997.3
-5841.45
12392.45
16457.1
14257.85
-1986.95
-5593.95
-10897.9
-902
689.2
-2233.95
-4354.25
-8267.15
1476.75
11643.55
16856.05
13618.4
-137.399999999998
-13365.05
-14539.15
-9926.15
1424.4
8632.95
6675.8
3583.9
-602.449999999999
-60.3999999999996
-227.65
2020.85
-3444.75
-5063.85
-6849.25
-2144.7
1661.1
2989.6
1427.2
-4583.7
-4946.2
-2791.65
1695.15
3205.85
2743.15
849.9
2683.2
7359.5
3931.5
3435.65
-3970.95
-16342.15
-7997.3
-7086.25
8273.35
14620.7
14706
-345.549999999999
-5921.1
-10639.4
-5320.8
5496.5
-2425.25
954.3
-7851.25
-3318.9
9158.4
14255.6
15252.15
5162.5
-10843.35
-15306.15
-10991.25
-3287.15
9791.8
7992.7
4123.6
-142.199999999999
-2910.85
-1932.35
1102.5
-527.349999999999
-2871
-4749.95
-3226.2
-762.3
3002.35
1829.25
-1090.95
-4214.25
-6123.25
-2763.55
164.549999999999
4233.35
3846.3
4736.55
6450.55
5846.8
478.75
412.5
-13929.75
-7541.65
-8320.85
2361.5
11158.5
11369.2
5776.7
-5587.2
-3157.65
-7681.9
5082.5
-3106.15
-1598.4
-5426.3
-4817.8
6611.3
12276.85
13911.55
6181.6
-4905.75
-15077.35
-9510.05
-5447.25
7782.9
7436.4
4892.7
-210.15
-3864.8
-1478.5
-788.15
1451.95
-1962.65
-1986.4
-2950.05
749.2
1381.65
1337.35
-3624
-5579.95
-6785.65
-2793.15
784.799999999999
4496.7
4318.05
3950.25
7471.95
4764.15
2362.1
1147.8
-12468.8
-9659.55
-9477.05
-1651.3
10009.2
14986.5
9295.2
-3177.2
-4210.6
-9451.75
3730.05
20.45
-319.3
-5060.95
-7179.75
2048.25
10365.05
13996.15
9865.8
-2428.8
-14989.8
-10335.65
-7381.65
5958.55
8857.55
4951.05
1667.35
-4757.5
-2615.75
-426.85
2215.55
340.3
-1035.15
-3718.85
-461.75
-352.25
690.65
-3070.7
-5532.15
-6520.2
-1796.4
2175.65
5412.8
4546.25
2705.1
3288.55
4693.05
1264.55
3556.3
-6918.55
-12394.95
-6242.4
-6093.7
10497
11635.7
13380.65
-3772.25
-3855.75
-9370.85
-137.5
5042.95
-2377.45
-2050.7
-10552.25
-1584.65
7925.55
14726.75
12884.6
3659
-11229.75
-13358.2
-9931.8
380.949999999999
8270.05
7358.3
2568.05
-1764.25
-1840.8
-2343.7
2251.65
-550.85
-2207.9
-3821.95
342.2
38.1999999999998
-402.25
-2090.15
-5831.75
-3563.55
-1109.95
659.949999999999
3397.45
1590.45
-349.950000000001
2212.6
6052.35
7744.75
2950.15
1376.75
-15469.45
-6883.85
-7545.65
4085.3
12715.45
11660.8
1931.15
-6625.95
-5422.1
-4581.7
9933.15
-2438.65
-1768.3
-12580.5
-8065.4
5863.15
15014.95
17537.4
8660
-6621.6
-15856.25
-11895.45
-4871.35
7278.2
7776.4
3643.75
-1029.55
-1129.2
-1013.4
3445.7
241.8
-3146.55
-5834.15
-3798.5
2265.85
2822.5
2093.45
-4349.65
-5629.3
-5757.95
-810.400000000001
1314.8
2470.5
-103.1
-1421.1
-598.9
10425.85
8943.1
6916.9
3410.15
-17428
-6046.55
-11987.1
3246.5
10093.05
11924.65
2759.95
-3156.1
-2843.65
-1892.2
8743.95
-4078.75
-4452.1
-16466.5
-6504.65
4176.7
17459.55
16628.55
9657.45
-5083.4
-15777
-9296.05
-6813.9
6476.2
5420.25
3927.9
-1191.15
1012.2
657.35
2631.7
870.700000000001
-5231.3
-5661.65
-4301.45
1407.2
2789.6
767.65
-3307.1
-5011.85
-5139.8
1652.75
257.549999999999
2291.65
-1719.7
-904.75
1417.2
11334.3
8839.45
6483.5
-948.899999999998
-15649.6
-6157.7
-11509.05
4562.4
7996.4
13094.5
1873
-1666.75
-3159.95
6076
-5752.6
-5495.3
-13074.5
-4090.45
6272.25
17339.45
14364.05
9649.15
-8646.55
-14553.55
-9672.6
-5036.8
5845.45
4201.65
3536.7
-2084.55
3578.3
585.95
3572.2
-762.099999999999
-4981.4
-6542.7
-4454.7
2599.3
3619.55
1265.2
-3212.65
-6845.8
-4269.65
933.949999999999
1815.1
3303.2
-2023.4
-1237.85
-947.75
9193.95
8939
7536.15
5301.85
-12660.85
-7509.9
-11535.15
-4252
8061.05
10875.85
6400.25
-1123.2
-1308.3
-3771.55
6463.4
-3250.6
-3266.1
-11876.1
-9592.75
2347.7
11137.9
16477.35
12370.95
-934.450000000001
-12147.45
-9999.7
-8961.4
3057.95
6658.5
3775.15
1291.15
-474.45
-1100.05
1176.9
353
-2415.65
-4489.1
-3629.65
1064.2
2961.45
1737.1
-2366.5
-5904.85
-5674.2
-890.550000000001
135.449999999999
2859.3
786.299999999999
-316.1
2097.25
8401.05
10521.8
5976.9
4569.85
-15030.8
-11098.55
-12358.3
-5217.5
8784.6
13653.7
9851.6
378.800000000001
-200.949999999999
-5499.1
4983.85
-4283.9
-4067.85
-12108.05
-9630.45
1654.4
12278.15
18406.4
12553.15
1007.65
-13475.75
-11220.6
-8974.8
2219.7
4880.25
3155.05
78.5
-492
1065.95
1320.2
1519.6
-2687.1
-4048.55
-3137.8
2675.8
4394.6
1938.95
-4500.8
-7009.15
-7523.2
-1341.55
739
3424.05
1669.55
775
1259.3
5735.9
12454.35
6016.75
6211.25
-11557.9
-15093.7
-11540.4
-7925.3
8894.85
12435.85
13784.8
-1125.5
-295.75
-6398.95
2804.95
1702.45
-4908.65
-9057.7
-12915.9
-2286
10059.9
19065.45
12342.6
5451.8
-11407.1
-10448.8
-9328.75
-2284.85
5011.9
2286.35
840.9
610.05
1341.45
2385.9
2601.3
-2288.25
-4350.25
-4204.8
1194.3
4192.8
1958.65
-3900.1
-7971.55
-8594.45
-1689.7
2653.65
4427.25
4077.65
-341.3
98.4499999999998
3397.45
10491.55
6648.3
5347.55
-4706.65
-17730.95
-8121.15
-10508.7
6605.2
11986.6
15302.85
2397.2
-1900.15
-5702.6
-1523.45
5692.55
-5111
-4957.35
-16328.95
-6458.15
5016.95
16945.85
15687.85
10566.55
-7249.85
-11990.35
-9335.4
-5173.45
4704.6
1720.95
681.2
-986.35
1012.75
5250.1
4207.5
297.5
-3260
-6107.1
-1263.4
2210.3
4789.6
-4410.05
-6294.75
-9126.15
-3600.45
3793.5
4588.2
5431.85
-748.5
-2906.5
-281.85
6808.9
9882.15
5551.3
2245.35
-12785.4
-11965.3
-6201.05
-3266.2
10039.85
11241.6
9855.25
-3020.25
-497.449999999999
-4732.05
6114.3
594.1
-7234.75
-11245.15
-14424.6
-1472.5
11399.25
17824.5
13199.7
4731.85
-11594.35
-9925.05
-7950.2
-1751.3
2400.6
-1187.35
-529.7
2256.15
6361.85
8928.4
4396.9
-3109.15
-7580.05
-7810.8
-1473.7
3596.2
2799.7
-4218.35
-5989.55
-5420.65
691.25
3970.15
4527.5
-121.8
-3397.9
-3946.9
313.75
9136.5
9640.35
4151.4
3672.95
-13283.55
-8549.35
-5290.15
-3443.3
8906.35
10645.7
6246
-2070.85
35.6499999999996
-4256.8
7561.25
-4296
-5819.45
-13438.85
-12625.8
2844.6
12927.5
18206.35
13650.25
1656
-12367.6
-9297.4
-9783.6
-1806.4
-61.6499999999996
-1244.15
1696.2
6375.55
8831.4
10511.15
2643.7
-6763.4
-11296.2
-11162.25
-2106.85
5649.25
6033.05
571.35
-2214.3
-5306.65
-354
2089.35
1252.9
-3862.45
-3783.25
-4155.8
2244.65
7387.25
12364.65
6108.1
3443.45
-5445.5
-14590.6
-4521.1
-9244.2
5315.4
9444.1
13040.85
-30.5
868.9
-5157.1
197.900000000001
2982.05
-8859.3
-8894.4
-14466
-2787
11761.95
20274.4
15130.95
5996.15
-11813.1
-11977.85
-9871.75
-4219.5
1816.35
-689.4
147.6
6918.05
9544.5
11330.9
3964.6
-8638.3
-11750.85
-14260.65
-1571
4601.8
8994.4
4410.25
-2308.8
-4631.85
-1959.75
-662.25
-967.35
-2822.65
-4724.95
-128.050000000001
1188.45
5040.5
9072.65
10180.5
1984.45
3936.7
-14523.6
-8872.8
-7602.8
-4000.7
9306.8
11720.05
8863.65
-2281.65
148.35
-6378.65
5806.05
-5056.7
-9427.6
-14142.2
-8333.45
6095.4
18611.1
16183
8555.55
-1103.7
-14165.25
-6571.1
-6612.1
-2439.9
-2052.6
-1246.7
2775.5
11628.6
11605
8007.15
-2317.1
-13239.65
-11837.7
-7505.15
1803.25
6903.95
7544.4
1481.15
-2049.65
-3893.25
-2673.3
-2995.3
-2662.9
-3496.9
-980.800000000001
813.699999999999
2067.85
4833.1
9129.05
9444.65
4205.8
1574.15
-14700.7
-10033.9
-8538.6
-617
10477.2
14027.8
3465.9
-3681.6
-910.799999999999
-3310.55
6579.15
-5704.4
-11828.05
-14981.3
-6536.1
8473.85
19863.85
17207.7
8178.85
-4325.1
-13191.2
-8128.4
-8188.8
-4650
-1619.95
21.0499999999993
6026.45
13551.25
10851.5
7037
-3643.5
-12057.45
-11760.05
-8000.3
-375.450000000001
5404.85
9037.35
3883.25
-561.099999999999
-4595.15
-5177.8
-3185.5
-1876.65
-2320.05
-3.95000000000073
-1602.45
216.699999999999
5403.45
11468.5
11415.9
4137.35
-1395.85
-18208.85
-7107.4
-7856.05
4115.55
9633.4
10251.95
-253.949999999999
-2394.8
1157.2
-961.049999999999
6415.7
-12122.4
-12174.7
-14606.8
-747.150000000001
13927.4
20584.2
12427.75
4694.65
-6929.9
-10675.65
-5857.15
-9240.85
-5321.35
-3406.8
1033.6
9259.75
15784.5
11894.45
4645.8
-4897.65
-13189.1
-12254.65
-7922.05
-2039.5
5108.1
9485.35
8075.7
1046.6
-4665.15
-7467.1
-4623.4
-3078.4
-2625.1
-1848.5
-1289.9
1953.6
7287.7
10195.75
11824.45
1174.55
835.350000000002
-11578.55
-9360
-6205.35
-3400.9
5489.75
11383.15
7810.85
-2370.4
3743.35
-7057.75
2428.9
-7515.9
-10585.4
-9424.7
-2013.6
7650.2
17401.7
12413
4915.8
-1098.6
-11286.8
-6655.95
-8673.9
-6759.2
-1674.05
4255.2
7579.25
14148.9
9927.75
3359.85
-3183.8
-9586.4
-12523.25
-7599.6
-4661.4
2816.15
8431.75
10376.1
3817.05
-3499.3
-7860.1
-8203.85
-4037.3
-2282.1
-65.25
-153.5
2430.15
4231.6
5575.35
9942.4
8234.15
1315.65
850.900000000001
-16642.15
-8609.7
-8105.75
2012
8214.9
13844.95
732.35
-3198
89.5500000000002
-4353.25
6522.4
-7015.5
-9856.4
-10734.8
-418.400000000001
8522.5
17589.05
7254.25
4541.55
-4056.85
-8219.6
-6184.95
-7650.25
-6009.7
1409.85
4437.3
7498.8
10941.75
6759.2
4112.25
-3295.5
-6593.7
-12045.95
-8145.25
-6976.25
3510.15
9744.9
11981.4
3322.7
-6756.25
-9165.3
-6606.4
20.9499999999989
-232.4
-2175.85
-2416.2
814.599999999999
2361.5
7928
7973.4
11118.1
222
1233.2
-9917.35
-10621.35
-4545.55
-3327.55
3278.2
7195.5
6887.05
-5027.75
5265.5
-2177.15
4916.1
-3218.7
-12275
-11948.95
-2099.25
5884.9
15159.15
10869.9
3402.65
1931.2
-6861.65
-5725.95
-7913.15
-7284.2
-3111.6
5200.25
5545
11780.2
6318.25
3661.45
-1083.8
-4588.55
-8383.55
-10243.8
-7281.75
-1081.75
8007.4
9550.8
7981.4
-2722.2
-5609.55
-6023.1
-4386.35
-2583.5
-1646.1
-1181.45
1329.2
3302.85
1784.3
2989.25
7013.15
11640.2
1954.9
672.950000000001
-11978.85
-13150.65
-1369.85
-443.5
3203.55
4978.9
4225.85
-6171
7072.7
1714.5
4409.4
-2827.65
-12345.8
-10375.5
-2111.95
5472
11287.45
8940.85
1277.35
4518.45
-3918.35
-3613.95
-5851.7
-5785.05
-1606.7
4882
186.4
2715.9
1896.15
3160.4
6786.25
2098.85
-4775.15
-9781.55
-8417.6
-3750.95
5657.85
7349.2
5897.3
-660.45
-4398.75
-3444.5
-1553.85
-2957.95
-1860.7
-2769.7
336.65
1538.2
615.65
1600.9
2898.9
7049.95
9260.7
-1870.85
548.550000000001
-7513.6
-7263.75
-2030.15
-3494.25
-1502.95
4641.95
6345.75
-1793.1
7183.65
1634.95
2470.85
-2138.65
-9508.75
-10524.7
-2277.7
2308.7
8864.55
8118.65
2807.9
2279.1
-1720.35
-2662.35
-1429.8
-4476.9
-6202.1
-1242.9
-2425.35
3247.3
8610.65
6524.8
5708.35
2598.1
-8330.8
-7933.85
-6833.2
-4405.8
3014.9
5427.65
4953
2584
-2312.15
-2579.25
-1268.3
-2470.05
-314.75
-2696.7
-2384.45
-217.35
165.25
618.45
3455.85
1007.6
5575.45
6743.8
-1292.6
3807.8
-4563.25
-5141.3
-4972.35
-5120.25
-4723.95
6410.5
7968.4
931.55
7579.2
149.200000000001
605.15
-2298.15
-8138.85
-9531.55
-1181.6
144.549999999999
4923.65
5440.95
2871.5
3359.35
814.5
-1101.55
-3194.6
-2846.65
-2754.6
472.45
-164.35
-73.5999999999999
1731.75
4508.2
4275.8
2617.4
-2372.15
-4202.75
-2794.7
-2140.85
397
911.05
2048.5
1807.3
754.8
-1847.7
-2698.85
-3227.5
-1649.65
317
-309.45
157.25
-339.6
-2301.35
-888.950000000001
172.2
1752.75
7748.95
4720.7
1411.05
3159.5
-5402.2
-2163.8
-4239.55
-4679
-3285.45
6272.3
2517.4
855.95
3522.85
2128
3071.75
-5352.05
-6071.9
-6009.2
-2865.75
1758.55
3633.15
1547.7
7992.8
3634.7
-111.65
-1058.75
-4239.85
-3301.35
-20.5
-722.1
-1009.9
-1949.45
1366.3
5615.35
6089.85
3539.65
-745.949999999999
-4649.6
-3926.1
-2132.5
-3217.75
-293.8
224.25
892.4
1927.85
1325.35
-560.45
699.05
-487
-1696.1
-2822.35
-3726.65
-1645.3
-707.1
199.15
1544.35
2015.15
6201.55
7647.4
313.5
5083.05
-3550.5
-4320.25
-5142.85
-6664.55
-5073.85
3207
4662.7
575.7
3574.7
1135.85
6436.85
6.25
-5966.65
-6802.1
-4049.35
-1668.7
3358.5
664.15
2992.45
7112.75
3735.95
2416.3
-1830
-3785.55
-717.95
-1784.45
-3740.95
-3308.4
-1609.7
3653.9
6958
4469.3
2022.4
-1034.5
-2761.25
-3236.5
-3124.55
-3397.25
-115.55
330.55
2465.65
2272.1
980.2
-276.15
-362.65
-2837.55
-2947.1
-2003.9
-1837.4
1075.85
-815.450000000001
836
1921.25
1544.8
4342
4232.75
-2358.05
3553.35
-24.9499999999998
-4443.55
-946.1
-4899.8
-3393.55
3813.4
4290.7
-2609.55
890.1
-125.55
3374.65
2349.15
-4913.1
-3161.95
-676.3
14.5499999999997
3774.25
219.45
-944.95
4322.95
493.7
533.150000000001
-1847.15
-3540.25
100.2
2302.85
-786.75
-1645.7
-770.45
135.75
1615.05
1968.75
967.9
2617.1
2223.6
518.25
-977.25
-4125.9
-2319.6
-2262.9
-865.35
-312.35
618.1
102.4
392.9
575.7
1034.85
353.25
-812.2
-3777.85
-3912.75
-1531.05
850.949999999999
1408.85
1282.35
4363
6761.7
2862.85
3243.15
-3664.85
-4769.2
-3382.1
-4248.75
-3190.95
2546.25
4581.65
438.45
2544
1318.7
2519.8
163
-5823.45
-5718.85
-1490.7
-53.8500000000004
2269.85
864
1595.35
3456.6
1287.55
-74.75
125.9
-1937.8
139.4
1152.7
-1498.55
-711.1
1157.75
412.9
2056.9
1725.2
-2458.05
-240.35
1235
-1076
172.6
183.7
-1064.85
301.95
-2139
-2509.65
-1327.35
-316.8
1012.15
2036.75
350.45
-5.70000000000005
1050.3
480
111.45
-1192.7
-2298.25
-1687
-1437.5
-2301.65
-1578.95
2977.95
6613.7
5914.7
5427.55
-101.549999999999
-3002.75
-3381.2
-3594.6
-5049.2
bar
2077
0
-1087.7
-4180.5
-2606
-1729.25
164.4
3598.3
2489.55
1640.5
257.4
-1076
412.45
964.2
1051.55
1603.95
1433.55
-499.05
-321.349999999999
-694.85
-1306.65
-554.8
-260.7
-516.3
-341.9
-1052.4
-489.55
835.05
959.95
1422.8
-134.7
-1676.6
-2283.05
-2628.45
-1142.45
-73.9000000000005
544.3
-259.150000000001
-1252.85
-2076.2
-2255.2
-331.700000000001
2019.65
3784.2
6138.75
7152.7
4738.65
2324.45
-3239
-5504.6
-6865.35
-3558.85
-599.1
1055.4
486.55
-2456
-985.35
-819.400000000001
4369.65
5879.45
4710
1360.15
-4215.45
-5140.15
-3799.35
-219.05
2502.7
3183.55
220.65
-1970.55
-2231.65
240.35
4636.5
6466.55
4306.25
-1914.9
-6515.75
-8529.25
-4444.85
1573.5
7081.2
6559.15
1498.35
-2712.9
-5902.65
-4354.15
-963.900000000001
1063.55
145.05
-2116.85
-3629.85
-2553.8
1395.3
3454
3579.65
1095.7
-1058.15
-461.7
4041.1
7815.95
8353.15
4663.9
-7311.5
-10184.15
-12960.5
-4439.6
4230
7546.8
5049
-622.8
-2368.05
-3976.6
4600.65
4552.7
4988.35
-855.5
-8753.35
-8765.7
-4229.7
3597.95
8659.4
8044.3
689.700000000001
-2270.7
-5543.8
685.2
6625.25
5786.6
2519.55
-8033.4
-12288.7
-9423.85
580.699999999999
9755.2
13574
7876.55
-2995.2
-10331
-10858.95
-3907.8
1775.35
4808.35
-225.95
-4864.2
-5992.35
-1299.3
4645.25
7194.45
5474.6
-2634.45
-4728.9
-2295.05
6797.4
10780.7
10260.4
603.25
-11211.95
-12557.75
-11317.2
2208.85
9172.95
9895.8
1445.3
-5022.8
-6365
-1573.7
7459.45
6254.75
2613.55
-7819
-11490.6
-7315.85
2498.7
11463.15
11927.6
4805.05
-4769.5
-7617.35
-4864.7
4450.9
7771.7
2730.05
-5351.9
-11521.6
-8937.95
1088.4
11929.65
13578.4
6361.15
-5443.95
-12714.55
-11556.7
-3320.6
4393.1
5194.25
928.6
-4842.55
-5563.1
-881.950000000001
6104.2
6119.25
1831.15
-3313.45
-6089.85
-1364.55
8798.05
11097.25
9849.35
451.400000000001
-11744.6
-12038.9
-9278
4033
8981.15
8764.9
-1029.75
-5804
-6185.25
674.9
8121.7
5225.55
-141.199999999999
-10598.8
-10475.75
-3452.95
8260.9
13015.5
10165.25
-545.849999999999
-8839.05
-8267.45
-2386.25
6270.4
7484.5
224
-6761.05
-9574.8
-3713.25
7460.5
12333.2
10587.45
-629.849999999999
-10331.35
-13876.95
-8111.8
210.099999999999
5647.4
2950.1
-1348
-4200.4
-1917.65
3068
5457.5
4682.4
-1968.05
-5767.95
-5671.55
219.199999999999
8810.05
11653.6
7255.1
1293.5
-11343.9
-9227.15
-7407.9
1859.15
6819.65
6194.2
-154.599999999999
-5585.45
-2284.8
229.45
8526
3083.4
508
-8179.15
-8964.85
-2800.3
4793.9
10063.7
8254.6
1162.15
-7215
-6241.35
-2101.35
4906.9
5827.65
1537.75
-5094
-8014.25
-3130.7
3685.45
9317.6
7480.15
-116.949999999999
-8254.9
-11042.85
-6569.05
-141.550000000001
4713.75
4078.4
853.8
-2858.25
-2241.5
272.9
2748.95
2050.2
-1373.2
-4861.35
-1735.65
3464.15
9858.35
10888.5
6101.9
-3189.6
-11948.95
-9267.65
-8143.3
4521.95
5996.15
6100.1
-1748.75
-3880.5
-2954.9
2475
7116.6
2365.55
-1890.05
-9576.65
-6774.9
-647.450000000001
9232.75
11730.2
6998.05
-1777.2
-8325.4
-6972.45
-1463.25
4539.5
2975.8
-1955.85
-4504.35
-4844.85
1852.15
7161.8
9946.4
3469.7
-4581.4
-10319.2
-9979.55
-3222.9
1959.4
4675.5
2098.8
-895.8
-2791.1
-262.35
2269.3
3328.35
-150.15
-3869.4
-4226.3
-1421.45
6830.65
10829.85
8834.75
4636.55
-9462.55
-9461.05
-11313.2
-3052
5693.6
7510.75
3862.85
-2684.1
-3061.95
-2831.4
6888.55
3615.4
1746.85
-7116.8
-9793.2
-5164.65
4464.85
11369.55
11811.55
4328.1
-6310.7
-7300.45
-6591.65
1757.2
4641.35
757.85
-2801.65
-5545.65
-2310.4
5322.55
8267.3
6575.1
-658.549999999999
-7009.45
-9327.6
-6176.65
-611.300000000001
2509.1
2688.65
282.5
-2441.7
-1053.45
628.75
2757.85
1469.9
-2026.15
-4146.1
-1103.2
4249.75
9896.15
8411.2
5056.8
-5769.55
-10753.05
-8599.95
-6670.8
6391.4
6108.4
8135.5
-1912.2
-2401.7
-3708.95
2965.1
2995.45
-642.25
-4399.1
-10316.6
-3812.5
2979.5
12702.25
11859.9
6487.35
-4935.15
-8388.2
-6368.05
-1750.15
4259.2
1548.2
-1569.4
-4490.6
-2331.6
3367.7
8353.35
6930.15
66.6500000000015
-7050.55
-10216.15
-6922.85
-113.75
3298.4
2928.9
-741.8
-2019.35
-356.5
1423.9
4226.35
664.5
-3278.65
-4953.7
-2690.3
3488.25
11074.45
9493.95
7625.95
-3897.55
-11804.5
-7865.4
-8532.8
5091.55
6312.9
6655
-2150.45
-2596.85
-3704.4
3262.65
4766.45
-266.05
-4536
-11373.1
-5037.1
2999.15
13606.4
12907.55
8292.25
-5681.8
-9591.4
-7600.45
-2585
5276.9
2102.05
-1705.35
-4340.3
-3291.4
4461.9
9718.65
7986.25
557.700000000001
-8314.25
-10441.25
-8343.9
-493.800000000001
3219.1
2662.3
-237.95
-3281.95
-1200.25
2782.05
4026.4
2334.85
-2543.1
-5798
-2879.2
2699.8
11068
9172.6
7302.9
-3131.65
-12044.5
-7241.65
-8041.55
5128.05
6249.7
6577.1
-1665.55
-3514.75
-3583.4
2260.9
4245.5
-850.65
-4778.25
-11458.6
-3293.65
4144.95
14331.05
13463.1
7675.55
-6139.55
-9483.45
-7999.2
-2893.95
4381.35
1705.4
-1819.9
-5142.75
-1554
3994
10509.6
7347.15
993
-8729.2
-10481.1
-8104.85
-656.85
3588.2
2609.55
-773.6
-3188.5
-403.9
1937.15
4597.15
1369.2
-2664.45
-5505.4
-1221.75
4613.5
11430.55
9085.8
5643.75
-8957.15
-10605.15
-9554.5
-3461.4
8040.25
7649.45
5707.45
-4281.25
-3161.15
-3811.15
4949.85
706.6
-1287.5
-9821.75
-10487.1
-441.950000000001
9477.65
17027.05
13399
3472.05
-10263.5
-10132.65
-8293.45
259.75
3716.7
567.15
-3374.8
-3328.4
1623.7
8386.25
10000
4854.85
-3948.1
-11251.65
-9172.3
-4942.25
2084.35
1890.6
760.349999999999
-2414.4
-1395.75
1151.05
4432.6
3153.15
-382.35
-5693.9
-4783.05
-85.4500000000007
7741.25
12342.2
6804.6
3668.05
-11316
-7057.3
-8914.9
716.199999999999
6383.15
6794.55
2218.6
-4284.25
-2350.05
-1986.45
5974.6
-1076.25
-3003.75
-12175.35
-7452.6
667.75
12761.25
16220.4
11439.45
-633.549999999999
-11074.2
-9329.35
-7356.85
2517.8
2614.55
173.9
-3659.9
-710.05
3475.25
10436.95
8480.35
1988.6
-7863.85
-11490.8
-9016.2
-2501
2728.15
2118.55
929.95
-2462.65
-99.1500000000005
2048.9
4516.55
1058.45
-1586.55
-6806.55
-3780.55
1460.6
10079.25
8986.75
9232.25
-1925.3
-11189.55
-6761.85
-8668.8
6160.3
6404.15
8549.35
-1897.8
-2334.45
-5352.9
1840.55
3096.7
-1108
-5674.5
-13713
-4572.85
4264.25
15666.6
15668.9
9018.3
-7196.8
-9870.05
-11209.8
-3455.75
4069.8
2310.6
179.2
-3914.05
836.4
5624
10574.25
6348.45
-1178.85
-10523.85
-11243.9
-6961.65
-224.6
2460.85
1641.45
-1160.7
-1719.3
1136.1
4018.5
5358.95
-922.65
-3713.2
-6497.75
-2064.15
5925
9973.6
8571.45
5660.7
-9536.3
-7599.55
-9100.75
-1748.95
8060.25
7095.2
5635.5
-3259.1
-2010.8
-3184.55
4893.95
-1491.05
-3210.35
-11108.1
-9386.15
6.79999999999927
10947.6
16248.05
13215.9
1627.75
-10791.55
-9761
-8534
1514.2
2550.3
1091.5
-2343.3
-1101.9
3483.25
8148.95
8424.65
1458.65
-5989.8
-10200.4
-6990.55
-3173.55
1224.6
553.549999999999
-1494.5
-2699.5
889.949999999999
3639.45
6026.75
2263.05
-1744.65
-6049.35
-3929.6
1330.35
8045.45
7772.85
6404.6
-1308.35
-11284.85
-5049.05
-7829.65
6439.45
7548.05
8119.5
-428.949999999999
-2628.75
-3135.1
622.05
2612.75
-3763.15
-6962.9
-11856.45
-4130
5446.8
15325.7
14687.45
9785.3
-6021.35
-10626.65
-10084.9
-4238.15
2818.05
1715.25
-599.65
-2970.1
721.15
6661.05
8559.45
5931.55
-2650.85
-9592.85
-9150.3
-5040.05
1174.9
1959.35
-176.35
-3693.95
-3459.9
1030.2
6127.15
5605.7
1688.4
-2647.4
-6864.1
-1142.7
2386.9
11353.95
6013.4
6374.8
-7696.95
-10446.7
-7558.45
-5456.5
9853.25
7687
8713.05
-4407.25
-567.799999999999
-5751.75
4480.5
131.6
-3425.85
-9788.85
-11504.8
-2261.9
9643.85
18909.1
14430.9
6589.25
-10874.4
-12174.8
-9587.45
-2503.25
3146.55
1153.3
-593.55
-807.25
3002.4
8547.05
7086.85
3118.1
-6167.9
-9845.25
-8234
-2965.4
3009.1
1914.6
-698.6
-3949.25
-2405.4
943.75
4738.15
3057.45
1076.6
-3502.55
-3478.55
6578.35
10862
4765.6
2801.3
-13214.7
-7979.55
-9631.4
1897.55
9520.45
8914
5041
-4216.1
-1438.7
-3867.35
4776.1
-3297.9
-5144.35
-13438.1
-6918.35
1927.65
15785.25
18117.15
11659.8
-255
-12879.7
-11147.65
-7032.65
481.349999999999
2751.55
491.1
-858.1
798.55
5247.8
8872.05
3976.05
-971.599999999999
-9048.15
-8211.25
-4741.25
598.199999999999
3250.85
-245.55
-3488.95
-4026.5
-1588.8
2092.85
4620.1
879.9
912.9
-4113.25
678.549999999999
3511.9
9799.4
7149.8
4749
-6832.7
-14089.5
-8292.7
-7342.45
10236.6
8995.5
10462.45
-2132.65
-1475.4
-4524.4
3650.05
821.5
-4860.25
-9610.35
-13503.95
-2375
8979.15
18183.3
15157.4
6593.2
-8388.3
-11141.7
-9465.45
-2436.4
1284.05
-1266.1
2780.3
3934.65
10173.1
4837.35
-904.4
-7305.85
-11495.1
-4565.75
506.6
4542.3
1179.3
-2312.3
-5925.9
-2215.7
91.25
4528.8
599.5
-53
-2376.4
-746.5
3591.2
9006.75
9850.15
3039.75
2310.9
-15711.1
-7022.8
-9874.45
1588.15
8734.95
9373.3
4324.2
-2187.15
-1240.05
-2963.8
5236.35
-5991.3
-5154.05
-13611.95
-6419.65
2641.85
17020.35
16880.35
12080.45
-2923.75
-9473.35
-10331.7
-7737.4
-541
-1193.25
224.45
1067.2
5741.6
7092.2
9867.3
-524.5
-5292.6
-12035.65
-7485.65
-1541.85
4324.5
5518.75
540.5
-4178.25
-5874.35
-1105.8
798.35
3330.25
-2336.55
-115.150000000001
-2939.5
1993.3
6259.2
10099.2
6605.65
5165.1
-3333.8
-14801.6
-6100.95
-10578.3
6110.75
7855.95
10542.1
793.75
-305.5
-4198.5
1000.85
1506.8
-5081.9
-7990.15
-14256.3
-3922.65
6645.45
18503.15
16025.15
10685
-8197.8
-9694.05
-11468
-4934
60.4499999999998
6.54999999999927
215.799999999999
3104.55
7967.3
8903.6
8259.4
-2446.65
-10554.95
-13908.9
-7797.95
662.099999999999
7422.65
6596.65
1746.05
-4192.3
-4618.8
-1999.8
194.5
704.75
-2053.95
-2425.25
-3545.75
3141.8
5708.35
12516.75
8019.15
3444
-401.75
-16146.25
-6253.5
-11667.45
4887.7
7480.15
12029.95
1515.2
-278.699999999999
-4438.9
-1517.1
2320.1
-5885.45
-4839.7
-14168.3
-2736.35
4818.9
19339.3
14263
10617.6
-7216.15
-11567.8
-12080.45
-6416.35
803.049999999999
603.799999999999
1499.15
2871.5
8813.6
10144.75
8413.95
-1771.1
-12774.55
-15058.9
-8778.05
-187.75
10434.85
7352.85
3847.55
-4381.1
-5357.55
-4021.15
-907.400000000001
-99.4500000000007
-603.85
-2888.3
-1089.5
-154.6
5731.4
8113.65
11864.3
3422.6
4955.6
-10389.4
-12890.8
-8236.55
-7886.05
10856.2
8979.9
11328.35
-2772.05
-2230.45
-7876.1
4343.85
-2654.55
-1986.8
-11226.55
-9404.2
498.200000000001
12904.7
19015.65
13195.45
2105
-14020.25
-11729.75
-10589.3
608.949999999999
779.5
2765.65
335.9
5556.65
8727.9
9546.2
3289.7
-7797.3
-15303.55
-12204
-3437.7
7391.95
11097.7
5464.95
-1104.45
-6545.8
-5864.6
-2803.3
-315.450000000001
-253.1
-1655.05
-1336.65
-835.35
4157.05
6489.75
10810.25
7611.7
4099.2
-1144.6
-17770.6
-7184.4
-12287.1
4433.05
10200.05
13792.95
2238.3
-2530.9
-7708.75
-1721.55
4093.5
-2566.2
-4149.15
-15061.35
-4240.65
5013.35
19935.4
15860.35
9886.8
-10115.4
-13633.8
-12092.1
-3412.95
2819.85
3026.75
-116.5
1641.5
6250.1
10193.45
7136
-2754.35
-11782.35
-15792.35
-6779.35
1706.25
12434.55
7353.7
3842.75
-5334.45
-6581.5
-5378.5
-384.550000000001
-206.950000000001
-420.65
-1314.65
-206.4
-50.5500000000011
5453.4
6414.5
10693.9
3835.85
4711.6
-8863.7
-15636.4
-7015.95
-9105
11154.4
10157.05
12230.4
-4808
-2464.6
-8613.2
6172.05
2656.85
-1705.9
-11750
-14514.3
-1248.95
12403.95
21377.85
13736.65
2744.85
-15470.25
-11110.7
-8239.05
1558.3
3231
-375.7
-1986.7
2957.25
8473.9
11900.3
2864.55
-5187.95
-15588
-11579.6
-3116.1
6803.2
9691.5
4014.15
279.6
-6944.55
-4528.95
-2479.55
321.4
-1220.2
-1100.75
-1302.25
47.8500000000004
1941.55
5567.55
6473.8
10482.55
2504.4
4267.8
-15198.95
-10646.55
-10369.95
-1146.35
12204.55
11256.8
5631.05
-6252.6
-3090.55
-4186.15
9996.95
-2773
-4547.65
-16836.05
-8502.85
4485.15
19889.75
16396.35
9251.25
-6048.8
-14070.65
-5854.1
-4179.1
2965.85
-2531.7
-3369.25
-203.650000000001
8042.05
12076.55
9822.7
-2110.95
-10335.25
-14497.75
-5777.2
809.549999999999
7676.15
4602.45
444.45
-2289.35
-2052.75
-1262.35
-1246.35
-2218.7
-3189
-1235.85
1029.1
1647.2
1486.35
4045.25
5626.55
10413.2
1219.05
4611.8
-17846.95
-6252.2
-9063.65
883.049999999999
9417.05
8406.75
2452.8
-4198.2
-518.15
-1548.6
8447.15
-6565.1
-5947.95
-15637.35
-1930.05
7226.25
18336.8
11367.3
5835
-6764.45
-8792.2
-4677.55
-4945.3
-1131.05
-4362.65
-1837.55
3915.05
11124.7
10231.7
6323.45
-6223.15
-9401
-10518.6
-3814.9
619.699999999999
4808.65
2151.15
1991.55
-228.95
-321.7
-580.5
-3215.45
-4174.75
-3040.1
30.1999999999989
2308.6
1285.5
-987.8
3036.1
5695.95
11591.4
2293
4782.05
-16249.4
-6939.4
-9148.8
29
7769
7930.25
1884.55
-4055.8
1255.6
-1877.6
8559.55
-6248.45
-5259.2
-13101.75
-2814
4969.5
16062.2
9141.85
7376.8
-5530.8
-7451.55
-3155
-5104.3
-2792.5
-3329.1
-1718.95
4001.3
10289.75
8126.35
6216.35
-3889.85
-5975.3
-9092
-5314.9
-3456.35
1693.1
3858.7
5329
3862.1
-665
-3659.95
-4886.35
-3446.4
-1870.2
702.85
-883.75
-1243.6
-1693.25
2792.65
6975.9
12748
5866.35
2560.75
-5188.2
-16015.75
-3416.25
-7378.05
4756.2
5665.8
6864.3
-2521.45
2194.1
-1873.65
4944
2325.75
-7780.5
-8226
-9607.2
463.199999999999
9991.2
13297.35
6629.9
3684.25
-9374.15
-4012.8
-4582.7
-3466.1
-992.8
-2500.35
-828.400000000001
6775.7
7529.1
7256.2
4169.7
-4903.45
-7209
-10245.45
-5855.3
388.4
5257.05
8008.6
5024.15
-1955.25
-3639.85
-4737.85
-3716
-999.05
-2694.4
-921.9
-1573
957.4
1370.95
4852.35
5729.15
10175.65
2337.8
3243
-6142.75
-13328.05
-3324.1
-5645.35
4468.2
4015.7
6247.9
-4204.2
4313.15
-608.65
7562.6
1704.4
-6793.25
-10690.75
-10304.7
-78.1000000000004
11261.75
11808.7
3915.85
1802.35
-8453.6
-852.4
-1047.4
-1484.55
-2931.6
-3238.1
-3365.6
6434.25
6701.75
8301.4
2294
-3949.95
-5340.25
-7343.4
-4047.15
-441.25
3761.6
4385.75
3167.75
-1883.55
-2786.2
-4241.75
-3376.85
-1311.2
-638.450000000001
-153.800000000001
1288.55
-74.75
1352.45
1936.3
4510.1
7982.1
4804.05
-133.65
1566.95
-15172.35
-1796.9
-5723
558.85
3351.65
5030.55
-1017
2465.95
3835.7
3491.75
6169.3
-9083.25
-8829.7
-11429.9
-783.400000000001
5388.5
11188.05
3081.2
5078.9
-2496.9
356.5
557.1
-2031.25
-4746.5
-4893.5
-3858.35
803.799999999999
5774.1
6099.85
6573.55
1492.55
-693.299999999999
-5425.75
-7452.55
-6288.75
-35.5
4737.8
5010.75
593.45
-2996.65
-4575.5
-1495.5
1354.85
1146.8
-504.85
-2900.55
-1275.2
-1178.8
1554.8
3386.1
3717.05
7334.3
3724.8
104.65
869.25
-11200.7
-1835.9
-4741.4
-3455.6
1821.1
5315.45
125.75
6629.35
4023.6
2422.8
2028.55
-10290.35
-8892.9
-7915.3
-1100.4
5399.1
9967.45
2529.8
7180.2
-533.049999999999
-60.4499999999989
-74.5499999999993
-4904
-6526.6
-3443
-4804.5
2952.1
7572.7
6744.55
7285.1
2049.85
-2840.5
-6730.75
-8137.5
-5056.3
194.85
3177.7
4108.1
79.05
-571.3
344.6
210.7
-83.85
-3700.7
-5007.2
-2372.8
379.35
2425.95
1782.6
2155.8
2166.35
7282.45
4043.65
-141.299999999999
839.300000000001
-12297.35
-1904.65
-4387.25
-521.5
1998
6875.75
493.35
2982.9
2089.85
122.900000000001
2089.95
-6720.15
-7146.2
-6208.75
-286.450000000001
3918.7
8931.3
1334.25
5253.1
-110.2
-488.4
-1216.2
-3131.2
-6578.05
-323.75
-1286.05
2835.75
4771.25
4636.7
3095.15
2395.2
-1030.65
-5480.6
-5447.05
-7972.9
-342.950000000001
2821.2
7122.2
4100
-567.9
-3912.3
-1795.85
-3342.25
-1460.45
-914.400000000001
-1483
1908.5
2160.45
-970.75
-545.6
917.85
-314.65
7825.4
2357.85
1729.95
1225.35
-7881.95
-689.65
-2967.9
-2055.25
499.45
5428.65
-4130.55
4076.2
719.8
2576.05
4085.5
-2767.75
-7414.3
-3825.2
-4002.45
2013.7
5485.9
-552.55
4230.45
1417.8
1410.7
2656
-392.5
-2991.45
-4750.1
-1369.6
-586.85
2004.2
2831.85
4939.4
1118.05
-727.549999999999
-982.45
-4918.4
-925.95
-1647
1310.15
99.0999999999999
-36.1500000000001
-872.6
648.05
295.75
-622.05
-220.65
-1506.75
-1745.8
-2381.25
-2108.5
-2501.75
1920.75
3089.55
4402.65
8800.65
-107.049999999999
2729.85
249.950000000001
-6156.75
-2380.1
-5614.95
-5376.15
312.75
8200.95
140.55
6959.5
1600
300.1
434.05
-4495.05
-9482.7
-3626.5
-4069.4
2363.8
7191.6
4405.2
5864.2
3138.8
17.7000000000007
-1133.35
-3157.7
-5119.2
-2391.85
-3783.75
-2168.35
265.9
3858.45
6178.9
6763.75
4259.95
-1725.6
-3671.9
-5199.55
-4458.05
-2108.65
1023.5
2248.1
2406.7
888.1
-661.65
170
-1556.9
-1910.45
-3051.65
-1360.2
-1268.85
419.799999999999
-2512.75
646.1
1896.35
2761.4
7158
5173.85
-1340.7
2796.7
-4355.45
-4077.2
-1537.85
-2634.65
-3904.3
2732.1
3200.7
-959.95
3498.9
177.05
1460.2
-433.65
-3458.55
-3898.15
735.3
-1462.9
4299.6
-601.55
535.9
3224.7
2684.5
-70.8000000000002
-21.1999999999998
-3293.25
-1900.2
-86.65
-757.5
-1971.75
537.1
2385.15
4378.85
4884.95
1116.4
-1284.25
-1956.6
-1539.15
-2330.95
-3144.8
-1517.05
-436.9
241.8
2035.1
740
-516.35
-1555.5
-2507.35
-1041
45.6499999999996
-943.35
852.4
-2217.35
-532.450000000001
1135.65
1268.65
2081.6
7116.35
1663.15
3154.3
3443.55
-6514.75
-1672.35
-5307.95
-4795.45
-3582.6
4418.65
1090.1
3745.85
3099.05
2450.1
1273
-1643.65
-4389.6
-5153.9
-2220.85
-275.25
1379.55
1563.9
3318.15
1837.55
3251.2
1376.95
492.1
-1041.8
-1124.85
-3879.65
-2518.75
-2499.65
387.65
2375.2
5907.5
4124.9
2000.15
-786.65
-1988.8
-2728.9
-4296
-3539.9
-1880.9
2455.7
1638.2
1523.85
-450.8
-986.25
-688.4
13.6999999999998
-326.6
646.75
-1487.7
-716.8
-726.85
-1756
2669.75
595.65
205.45
1434.9
3664.05
-1181.15
5608.2
-1294.6
-2801.3
-220.15
-3922.2
-2734.45
1729.8
2906.9
-3075
-107.55
-2235.95
5776.2
2386.25
-1183.2
-3329.9
-1168.5
-1150.4
3688.4
-1825.25
-606.2
1454.45
425.5
1875.25
1719.4
-1389.9
930.3
-213.55
-650.65
-395.7
-2100.05
-535.4
485.9
2158.5
3113.45
583.55
785.5
541.6
-3390.9
-3516.75
-1088.75
-816.35
692.15
312.75
-663.8
2119.7
3069.75
273.65
-745
-2388.95
-1998.9
94.8499999999999
-2087.8
-1646.15
-1511.5
-179.55
998.049999999999
449.099999999999
2051.35
5961.9
2474.25
1223
2282.45
-5382.45
220.55
-2635.75
-4238.05
-873.5
1785.9
-766.05
-369.65
-1431.85
717.349999999999
5405.15
983.95
-522.3
-1329.1
-1816.6
579.1
1851.2
-1179.7
2631.15
651.65
368.6
1418.1
-3013.45
-97.7
1405.95
-527.8
-1676.6
-2644.2
-1856.75
1396.7
1997.15
1807.6
1995.25
469.7
1702.05
110.25
-998.95
-2346.25
-2709.8
-1809.2
-436.65
1485.85
1367.15
1633.35
1731.2
825.8
281.95
-2217.8
-1745.8
-1339.2
1224.4
1435.4
cat
1761
0
82.2000000000003
-498.1
1267.9
-373.05
-1216.8
723.75
-1040.15
-1359.75
-469.35
-1089.8
-2799.05
-586.05
-1336.55
-1092.6
-252.650000000001
-10.6500000000005
-1007.7
-611.35
154.599999999999
-1488.45
-1180.9
2407.95
3708.25
-3369.5
8010.9
7397.55
-8655.1
7634.55
4134.65
-8322.15
-995
9790.9
-11435.95
-6527.3
7053.9
-1609.5
-6700.5
4843.1
4312.55
-4193.55
1311
2568.55
2622.45
-1844.45
3754
1105.55
-1446.4
-735.95
1212.5
-547.15
-742.3
-600.2
-469.6
-1360.55
-1275.55
-1961.65
-0.800000000000182
-79.0999999999999
-1846.65
18.2999999999997
-396.2
-1778
-1250.4
14.5
-1792.95
-963.650000000001
-694.200000000001
-979.85
655.9
6855.8
-2863.1
10159.9
9646.1
-12350.25
7823.3
1104.4
-11004.65
-1250.6
10404.05
-12246.5
-5527.8
8934.55
-2108.65
-3052.5
4384.75
5082.25
-765.95
-1864.3
347.95
3813.95
-5387.4
4003.9
1840.95
-1545.15
434.35
1305.4
-1819.6
2559.4
-1210.45
-3630.8
1175.55
-2225.2
-4701.9
2177.3
1077.1
-3931.25
2631.9
-38.2000000000003
-1585.1
-1794.6
-531.95
-987.2
-3153.6
-891.6
-989.450000000001
-1691.15
12051.3
-2298.2
4394.25
18339.2
-16056.75
2461.05
6077.55
-9847.75
-8507.7
11876.5
-7690.6
-10031.6
10652.25
1421.05
-1145.9
-405.9
5867
1515.45
-3263.5
-2149.6
5133.9
-3849.75
3189.6
410.2
369
848.25
682.1
-1795.9
2139.15
-802.849999999999
-5466.85
-209.35
-249.75
-3992.8
771.45
3610.7
-1201.7
673.7
607.8
-30.3
-4287.95
-1004.45
-1431.1
-3785.15
-1981
-1402
-2041.35
6542.4
9997.9
-2821.9
16478.5
1037.45
-15028.75
8260.3
-6577.45
-10731.55
2861.3
7656.95
-14950.8
3733.3
10355.35
-824.35
532.1
2396.8
1095.65
-1602.25
-5071.2
-27.9000000000001
3424.7
-1956.2
4390.1
-12.1499999999996
689.5
4400.8
-2145.55
-2133.65
6163.3
-5364.8
-6882.25
2237.05
-1508
-2214.3
4937.75
1253.65
-1099.55
842.55
-1503.25
-1955.35
-4956.1
-2202
-2792.05
-4275.95
-438.150000000001
-228.150000000001
1485.6
12081.8
7076.35
1010.95
15438.7
-7831.7
-11424.15
4873.3
-11282
-9100.95
7237.25
2324.55
-11583.55
10030.45
9662.75
1566.8
-800.549999999999
64.6000000000004
-743.05
-6693.45
-7419.75
1016
3114.85
2310.95
5992.1
1188
5580.5
2178.2
-2685.5
-862.5
432.900000000001
-6294.65
-5817.7
2229.8
-2465.65
629.95
5883.2
1814.95
-2069.9
-56.25
-2101.25
-4799.15
-2915.5
-1237.75
-3859.5
-2541.25
1507.45
-1441.6
4190.35
10463
8720.2
2834.1
6360.25
-3308.95
-16146.8
431.15
-7410.75
-7748.05
5778.15
6129.95
-5155.1
6301.1
13059.65
385.4
-851.35
-5247.4
-4986.65
-7548.45
-6343.3
1126.9
5708.45
6639.5
7123.3
3585.95
4222.05
2375
-2814.55
-3830.65
-5743.45
-5183.7
-5106.55
708.7
4480.1
4454.3
4494.15
423.6
1205.6
-2763.5
-4261.2
-3830.9
-3222.85
-2561.8
-5600.1
-2049.75
483
1415.75
2827
6137.5
10396.95
7609.95
-4205.65
5051
-6902.05
-15617.05
1982.35
-7403.3
-537.25
5628.85
8954.95
-1613.35
9288.7
4976.2
-4849.05
-4075.75
-9627.85
-6289.25
-2440.1
-281.450000000001
5347.8
10388.55
7373.35
7076.55
424.950000000001
-467.549999999999
-2851.55
-8268.45
-7807.1
-562.5
-1556.75
1723.1
7256.2
6650.85
-463.449999999999
546.300000000001
88.8999999999996
-7283.65
-1868.95
-1736.25
-3062.15
-3405.15
-512
-3536.4
-2192.85
-717.400000000001
735.799999999999
1729.75
5232.85
4241.25
9623.75
2855.25
-2385.7
7955.4
-18037.95
-4677.7
-2408.25
-4303.9
1290.85
10636
2192.6
-118.9
10769.6
-4639.85
-2442.4
-5281.85
-5757.2
-5472.5
1086.75
297.85
8240.35
8475
5362.65
2733.45
-116.599999999999
-4103.35
-6154.25
-6155.65
-3389.55
971.599999999999
4819.85
5427.25
4973.3
7141.05
-4690.6
-6500.45
-3164
-4075.1
-3921.35
1714.35
-4211.6
-2716.55
-1201.75
-1026.45
-1539.7
267.549999999999
3184.55
3817.15
2838.95
11587.3
2530.5
-154.199999999999
4782.9
-18244.15
-7169
-2256.45
-4192.7
3656.65
12932.5
3480.1
-891.599999999999
9118.75
-2123.4
-4926.85
-7326.45
-5655.35
-4464.7
29.3500000000004
1301.3
8912.3
9818.2
7255.95
3692.05
-4070.95
-3840.25
-6004.4
-10549.35
-3449.3
3093.55
2941.25
8595.3
9077.85
943.6
399.6
-6214.2
-8287.9
-4173
-5385.75
1281.1
2015.05
-1338.85
-1204.6
1059.9
-399.3
56.8499999999995
-1541.05
569.15
111.9
1495.4
8142.95
6332.35
-2618.7
9679.35
-15258.9
-13266.4
3199.9
-6433.3
3382.2
13394.4
7807.85
-6007.9
9697.4
-2533.7
-2554.1
-6706.5
-7236.85
-4070.05
-567.800000000001
740.85
8311
9366.45
5977.7
5866
-4938.15
-4740.4
-6688
-5500.45
-6694.8
1227
5643.05
6603.45
8533.6
4003.35
209.700000000001
-6606.15
-9230.4
-8077.5
-3009.95
1898.9
6436.45
1739.55
622.45
-1125.25
-1737.05
-2828.7
-2484.8
-2373.05
-2580.25
-1928.9
3231.2
10116.6
9188.5
335.5
10688
-17160.45
-11977.8
3303.4
-6947.15
5077.25
11091.45
6728.05
-6974.15
11516.25
-3718.05
-2224.45
-6265.05
-7543.85
-3912
-429.6
156.85
10551.4
11257
4430.3
4839.3
-6271.75
-6818.4
-8104.15
-6298.5
-5671.6
3908.05
6732.75
8262.15
8318
2023.7
-3302.35
-9113
-4897
-5505
-1206.95
4958.35
5052.85
-1185.5
-3301.9
-1044
-2465.95
-4591.8
-1936.3
-1244.35
-3309.3
2259.1
7560.6
13606.6
6460.45
1224.45
7655.7
-27187.6
-4534.2
-2550.3
-3746.55
7535.55
13766.65
3803.6
-4385.85
14054.65
-7404.5
-1731
-10941.85
-7684.5
-6278.8
1095.1
1254.15
14482.45
10463.3
7789.5
2306.25
-10529.95
-6338.15
-7502.7
-9637.35
-3089.55
7709.2
5693.9
9837.55
8903.2
-10.6499999999996
-4230.4
-7638
-10106.4
-2394.75
466.1
5617.05
3230.2
-2550.1
-3358.8
-1049.45
-3822.45
-2176.1
-1368.6
-2008.45
-435.25
2701.15
6760.8
15373.05
5126.8
-3782.5
7777.55
-31088.75
-2823.2
1945.85
-1438.1
9512.1
15242.95
2394
-6006.8
12885
-10633.75
-3260.65
-12973.75
-8097.25
-2958.85
5166.7
4703.95
15718.9
9647.35
5279.1
-1860.5
-13768.95
-8629.3
-7001.75
-6998.6
2017.75
11126.1
6956.7
8829.25
6300.75
-4485.65
-9657.45
-4386.25
-7838.65
-2131.3
3957.85
4797.65
1307.2
-2190.55
-1881.6
-1925.7
-2826.55
-3444.1
-2124.15
-920.6
743.049999999999
4385.6
10159.8
15328.3
-4445
3254.2
-1954.15
-30903.35
7504.9
-2427.5
4028.45
9828.05
16113.1
-8536.05
1599.45
5264.45
-11810.1
-2301.2
-13710.4
-4478.95
559.4
6292.2
6761.1
17383.75
3865.55
3645.8
-7492.6
-13478.65
-7129.55
-4644.65
-4861.8
6746.8
12142.45
5479.95
5758.85
4748.45
-9963.75
-8156.65
-1685
-7920.45
2657.4
5286.6
3278.3
-3605.55
-1235
-3765.7
-1371.1
-2625.75
-1597.55
141.65
-239.450000000001
590.65
5954.55
9790.9
14362.05
-9631.05
8492.2
-12723.65
-24935.2
11038.8
-4229.55
7919.55
9801.65
14044.55
-15005.35
9144.95
-2899.2
-8108.9
-4405.2
-12557.85
-2406
4666.4
5085.45
9389.6
14817.75
501.049999999999
2446.9
-12016.95
-12030.9
-5225.1
-1328.15
-3007.05
8287.05
10323.9
6654.1
4074.35
1991.65
-8048.9
-10488.55
-1618
-6545.75
2160.75
5544.35
5183.35
-5266.6
-3370.3
-1309.65
600.15
-3089
-646.950000000001
-49.8000000000011
-1210.25
9.29999999999927
5418.8
10235.6
14124.6
-9823.9
7848.8
-13706.65
-25270.2
13341.55
-4860.55
11044.1
8873.15
14802.5
-14738.95
8725.55
-4030.05
-8797.4
-4709.15
-14241.2
-1041.95
4620.4
6201.25
9510.35
14686.85
-1015.3
2486.25
-13429.25
-12973.65
-2549.4
-2502
-1456
11162.15
9351.2
6312.05
2905.3
908.35
-8863.05
-10428.35
-1494.8
-5793.75
3586.5
6246.5
6813.1
-4122.5
-3775
-2560.05
-621.7
-3622.3
-1703.95
-4175.25
-383.900000000001
2483.25
4143.05
14920
13160.2
-8385.55
7240.75
-17275.85
-23103.75
10459.6
-2817.95
10878.75
11219.05
12074.6
-13831.25
9297.7
-5173.6
-9062.85
-6652.65
-13082.05
-275.25
5329.8
6180.4
11905.9
13174.7
59.5
-217.549999999999
-15117.15
-11678.85
-2829.65
-3343.6
1486.55
11278
9028.4
7658.5
1307.4
-930.4
-9300.45
-8229.7
-2313.4
-4489.2
5106.45
6644.3
3334.95
-5118.1
-2032.9
-2116
-1450.2
-3198.1
-2680.3
-3455.3
799.599999999999
696.549999999999
5151.65
14876.25
12642.85
-10044.05
9055.35
-19584.4
-21240.4
12892.2
-4329.6
11514.5
10786.6
11001
-15685.85
9825.8
-5923.1
-8761.45
-6472.15
-11162.55
1299.5
5246.55
6895.35
11395.4
12251.9
-1178.65
-856.299999999999
-15801.35
-10993.25
-2046.2
-1477.35
2722.65
10408.75
7115.65
7395.6
2241.85
-2603.1
-6738.05
-10321.2
-2070.05
-4132.85
4884.75
8279.7
4638.85
-3799.4
-3852.75
-3073.3
-2619.8
-4968
-2230.5
-4530.45
1565.85
2259.75
3371.4
16402.25
12602.85
-9462.4
10515.8
-19420.7
-22242.9
11708
-3783.85
11633.75
9938.6
10408.1
-14681.75
10744.15
-6175.45
-8381.35
-6402.25
-11755.25
1178
4374.4
5073.35
11314.25
13416.1
-1618.95
-343.549999999999
-14493.95
-10407.95
-1374.5
-1271.35
2486.1
12626.2
5903.6
4716.2
1024.2
-2619.95
-8730.1
-6857.4
-749.85
-3349.55
6490
5682.2
3728.7
-6237.9
-4002.65
-2196.1
-2703.1
-4153.35
-314
-4820.25
1156.55
3521.85
2086.6
13752.1
16380.5
-11981.9
7671.55
-10776.45
-28710.75
12328.35
-1769.1
7234.85
9093.2
16529
-14828.55
7860.45
-1055.25
-10758.6
-6257.75
-14342.45
-181.650000000001
4293.35
6191.1
10034.65
16494.2
-1061.2
1707.85
-12851.5
-15024.85
-1161.4
-1490.6
-1061.65
11086.1
5934.4
5794.85
6325.4
-3215.35
-5051.6
-5754.55
-5330.45
-3536.9
3775.75
4224.3
5585.85
-857.549999999999
-6547
-3370
-2140.15
-4121.6
-86.3999999999996
-4938
550.699999999999
5131.9
-557.05
8716.05
14363.25
3288.05
-8637.65
8492.1
-27678.8
-6114.4
9028.5
-1670.65
9907.5
12320.8
5993.9
-12541.95
8052.15
-12485.3
-2179.05
-12767.6
-6838.1
2351.55
8463.95
8844.5
14004.75
6114.9
371.700000000001
-3196.05
-18633.55
-9770.45
-1340.65
1612.6
3039.2
13347.35
6180.85
3640.65
3928.7
-6392.5
-11345.75
-2555.45
-2194.95
-1612.2
5223.7
2743.7
1445.75
-2226.15
-2008.1
-2820.25
-2225.95
-3530.1
-1289.45
-3655.75
1106.65
4183
4364.7
7325.55
15758.65
-9818.2
3132.35
-5048.45
-25452.9
10886.6
-3329.45
6310.1
9192.05
13004.05
-9289.75
3142
3.89999999999964
-11497.9
-5652.4
-12673.55
-1420.8
6505.4
6310.05
11748.2
13415.95
194.049999999999
-89.6499999999978
-12830.55
-14764.9
-3186.65
1102.95
-2223.35
12115.6
10205.6
3762.15
7171.95
-3660.95
-9863.8
-6473.2
-3576.55
-5223.35
4986.15
4536.45
4704.45
925.85
-2848.5
-4752.35
-1983.65
-5205.4
-3510.65
607.25
-2714.4
2088.75
2915.4
2237.45
9790.95
14037.6
-12202.5
11139.95
-13928.6
-17045.7
9829.25
-4828.2
8217
8961.95
12259.45
-14125.65
9128.4
-4067
-10279.35
-6965.4
-10439.9
1268.1
5057.55
6346
10478.2
11896.85
535.799999999999
-1664.15
-13274.1
-12684.1
169.549999999999
-2920.2
-804.25
14277.5
6279.75
6175.8
5157.2
-4326.75
-8068.05
-3050.3
-6728.85
-5660.15
4000.95
4724.55
7099.95
666.5
-5100.55
-2203.9
-4419.9
-5636.1
-817.25
-3113.1
2683.9
2036.1
-357.55
4287.7
9691.1
11204.95
-6785.15
4526.05
-4538.05
-21053.45
6184.45
-2655.05
3012.4
10646.1
12374.9
-12374.1
4581.25
1980.55
-8444.05
-6489.7
-11681.2
-959.85
4287.15
5043.85
8019.6
13338.1
2426.75
994.799999999999
-10714.85
-12762.3
-1592.15
-3634.85
-2484.6
9400.2
9694
4824.3
5462.45
318.25
-8093.45
-1178.55
-7717.75
-8109.15
1251.8
2071.7
7445.1
3054.85
169.65
-3792.3
-3821.25
-5577.65
-2916.3
-3392.4
2596.85
254.6
-1410.05
3163.05
4538.05
9820.5
10442.8
-5006.65
6315.25
-7893.05
-19971.1
3550.85
-2044.1
5848.85
5971.6
11672.7
-11294.45
4860.25
3644.75
-11022.35
-6840
-8878.65
-1560.25
5229.3
4967.2
9612.8
13251.9
2793.25
-613.899999999998
-11517.2
-12076.7
-1091.15
-4881.45
-439.4
9555
7250.7
5633.8
7591.7
-175.899999999998
-6508.5
-3973.05
-9983.45
-8794.25
94
2663
9153.5
5662.25
1164.35
-1929.6
-5737.45
-4503.05
-3487.05
-2954.2
-731.75
1034.05
-435.5
1277.4
2323.75
8555.95
13167.9
1781.35
-2225.05
3430.8
-22006.85
-2544.2
-1262.3
-2341.7
7465.05
10758.85
-1741.7
-2930.55
9098.5
-4691.95
-4117.35
-11164.85
-5877.65
1040.05
3658.15
4399.7
11044.55
9681.55
3667.3
-7615.95
-8148.45
-4514.1
-4643.3
-3292.4
406.35
7859.4
5154.85
7323.3
2382.2
-2420.7
798.75
-6947.1
-10125.95
-6476.05
-196.950000000001
6699.4
7233.4
1271.75
117.25
621.1
-3351.75
-5057.4
-4986.5
-2061.4
2539.8
-4259
792.5
6710.2
3619.3
9746.75
9166.1
-6979.9
5003.15
-7534.85
-19657.9
4012.65
-1797.25
2534.7
5679.7
6374.4
-5133.2
8220.8
3645.05
-7711
-3186.9
-8310.85
-2786.6
-1138.35
-56.75
8662.45
10155.35
4668.9
2363.55
-4078.65
-3060.25
-4378.9
-7024.6
-2861.85
1852.8
1948.65
263.65
5160.8
6760.7
3244.3
1011.45
-3347.05
-8954.55
-4497.55
-3361.3
-1338.15
4155.85
6389.8
1321.85
848.9
-285.8
-3732
-3500.35
-3486.4
-584.1
-528.5
-1581.6
2539
2749.6
4636.25
13508.6
-4394.4
214.9
3945.55
-17114.55
114.7
-2980.15
-2306.6
1501.55
7197
-3144.65
142.75
12353.45
-289
-1425.75
-5042.35
-4261.05
-3325.15
-4992.55
809.699999999999
5694.85
5540.95
6509
408.25
-1787.45
1077.2
-2597.3
-5576.35
-4333.9
-2739.8
-814.3
2403.65
5077.55
6528.1
5408.8
1531.2
-5196
-6831.95
-4355.15
-1626.6
-424.8
3333.55
2362.1
-311.05
-152.1
-63.45
267.95
-1468
-1764.5
-2682.2
-2260.6
-3696.65
200.4
6123.55
4034.95
10177.3
-2292.8
6678.2
-3047.2
-11867.6
4616.35
-9880.55
-1894.1
1730.7
2836.55
-4472.75
8302.55
10497.35
-1574.85
1907.2
-5226.3
-5023.1
-1642.35
-7834.4
416
5632.25
2933.05
2122.7
-755.85
2824.4
2424.85
-1186.55
-2786.05
-897.75
-2696.45
-2394.6
-286.8
1407.15
1931
5455
1798.05
-1772.45
3433.65
-2314.7
-3629.5
-1470.3
-1746.45
239.4
-1828.15
492.05
-563.4
502.7
302.15
-1176.1
445.65
-2452.85
-342.8
1666.55
-2856.4
-1498.3
6983.45
978.3
1378.55
11496.4
-9373.15
-839.6
3113.8
-8809.55
557.5
2315.65
-1026.1
-4135.05
4737.1
2172.05
3034.25
1157.1
-2217.25
860.4
-3433.8
-5040.45
-594.35
-2401.3
3350.3
2638.85
-1401.45
4407.2
2718.7
-433.5
-193.8
1331.6
-4452.7
-2250.05
1717.5
-1694.9
1752.55
1532.6
-257.95
1942.15
1462.1
-1884.65
570
546.65
-2180
-2876
-1062.95
346.05
-2625.1
-2052.05
884.9
2713.2
-1916.15
-1308.45
565.099999999999
-1664.95
511.4
-1434.85
3624.55
6173.85
-2583.25
9663.05
-2111.4
-6640.6
7416.35
-6643.25
-781.25
1323.5
-3828.4
-2847.15
-326.05
2642.95
218.6
1458.8
-449.8
948.3
1419.4
-4167.4
1723.95
988.5
89.65
1949.3
-4621.25
3258.85
2520.8
-3012.6
3281.15
404.55
1166.95
-2069.1
-1796.4
1093.7
-1451.9
174.55
1341.15
-305.35
2200.5
1011.6
-727.1
-1409.85
-645.4
-1074.8
-3862.85
-288.5
-1037.8
-127.35
1807.7
1418.2
1008.1
-2143.4
-1233.15
-372.05
-1170.1
-898.55
-1170.95
592.7
4142.8
798.15
2141.25
7440.4
-3746.85
-523.8
3103.95
-4167.95
-525.65
703.1
-2208.05
635.75
-1314.4
-507.6
-251.05
-3577.45
-1798.65
-303.1
-94.8500000000004
271.8
2151.25
3075.25
4144.4
2708.95
549.400000000001
2072.65
-1409.45
-2162.95
-1461.5
-2987.7
-2266
-1697.4
1873.25
-29.6500000000001
896.1
645.95
1968.8
1159.05
-1533.15
-517.65
1089.8
987.05
306.5
796.65
-700.15
-434.45
-304.3
-3575.25
-2150.75
-79.9000000000001
-927.4
857.4
-677.75
2341.6
974.15
1039.95
700.4
-1946.8
744.95
-2385.7
-1617.85
1275.35
452.95
2823.75
-644.35
1069.85
1929.5
-1970.5
1926.85
469.4
-2288.6
130.7
139.1
546.7
186.45
-1544.05
221.65
-1531.3
-1889.45
-2106.65
-1399.15
813.599999999999
404.849999999999
2833.85
1847.65
1431.5
1429.75
1147.4
175.6
-457.25
-1151.65
-1557.1
-1591.5
-318.45
2018.3
-57.4499999999999
955.8
1876.95
1048.85
-1808.15
-2291.2
-1309.35
-181.4
98.1999999999998
767.05
1494.9
-165.95
-20.65
-1231.55
363.15
-562.25
-1373.9
985.25
199.7
135.15
386.75
277.5
1220.75
83.45
-560.75
-816.2
-2414.85
-2383.3
-427.150000000001
-1194.55
1555.15
853.7
2085.55
2493.35
-904.05
1306.35
-280.25
-1388.35
-395.9
-677.15
339.55
681.75
-1029.9
1490.1
574.7
-904.3
-1734.6
441
-97.25
830.3
1242.35
-1073.1
-1033.15
